0  0
1  0
2  0
3  0
4  0
5  0
6  0
7  0
8  0
9  0
10  0
11  0
12  0
13  0
14  0
15  0
16  0
17  0
18  0
19  0
20  0
21  0
22  0
23  0
24  0
25  0
26  0
27  0
28  0
29  0
30  0
31  0
32  0
33  0
34  0
35  0
36  0
37  0
38  0
39  0
40  0
41  0
42  0
43  0
44  0
45  5
46  8
47  7
48  4
49  0
50  8
51  5
52  3
53  3
54  6
55  5
56  6
57  2
58  3
59  6
60  0
61  3
62  7
63  2
64  3
65  4
66  5
67  2
68  4
69  3
70  5
71  3
72  5
73  4
74  4
75  4
76  2
77  2
78  8
79  3
80  0
81  2
82  3
83  2
84  5
85  4
86  5
87  3
88  5
89  2
90  3
91  3
92  8
93  1
94  2
95  2
96  4
97  4
98  1
99  1
100  4
101  3
102  1
103  5
104  1
105  1
106  1
107  1
108  6
109  2
110  6
111  5
112  6
113  6
114  2
115  5
116  3
117  2
118  3
119  1
120  1
121  0
122  3
123  4
124  7
125  12
126  8
127  2
128  1
129  1
130  0
131  2
132  3
133  2
134  2
135  1
136  2
137  2
138  0
139  1
140  4
141  0
142  1
143  4
144  3
145  3
146  2
147  2
148  2
149  2
150  1
151  2
152  1
153  2
154  0
155  3
156  2
157  0
158  6
159  1
160  4
161  4
162  1
163  0
164  0
165  5
166  2
167  0
168  0
169  1
170  3
171  0
172  2
173  3
174  1
175  0
176  0
177  3
178  2
179  0
180  1
181  1
182  0
183  0
184  2
185  0
186  2
187  1
188  2
189  2
190  0
191  1
192  3
193  0
194  0
195  0
196  3
197  1
198  2
199  1
200  1
201  2
202  1
203  1
204  1
205  1
206  0
207  1
208  0
209  1
210  1
211  0
212  1
213  0
214  1
215  1
216  1
217  0
218  0
219  0
220  0
221  2
222  0
223  1
224  1
225  1
226  0
227  1
228  1
229  1
230  2
231  1
232  0
233  0
234  1
235  0
236  0
237  0
238  1
239  0
240  0
241  1
242  1
243  0
244  0
245  1
246  1
247  1
248  1
249  0
250  1
251  0
252  0
253  2
254  2
255  0
256  0
257  0
258  1
259  3
260  0
261  0
262  1
263  1
264  1
265  0
266  0
267  3
268  1
269  0
270  0
271  1
272  1
273  0
274  1
275  3
276  3
277  3
278  1
279  0
280  0
281  1
282  1
283  0
284  0
285  0
286  1
287  1
288  1
289  1
290  1
291  1
292  0
293  0
294  1
295  1
296  0
297  1
298  1
299  1
300  1
301  1
302  0
303  0
304  1
305  0
306  1
307  0
308  1
309  2
310  0
311  1
312  1
313  0
314  0
315  1
316  0
317  0
318  0
319  1
320  1
321  0
322  2
323  1
324  0
325  2
326  0
327  0
328  1
329  1
330  1
331  0
332  1
333  1
334  0
335  2
336  1
337  1
338  1
339  1
340  0
341  2
342  0
343  0
344  0
345  0
346  0
347  1
348  0
349  0
350  1
351  2
352  1
353  1
354  1
355  1
356  0
357  1
358  2
359  0
360  1
361  1
362  1
363  2
364  0
365  0
366  3
367  0
368  0
369  1
370  0
371  0
372  3
373  3
374  2
375  1
376  0
377  0
378  0
379  0
380  0
381  1
382  1
383  0
384  2
385  1
386  0
387  0
388  1
389  0
390  0
391  0
392  2
393  3
394  2
395  2
396  0
397  2
398  0
399  2
400  1
401  2
402  6
403  2
404  3
405  7
406  2
407  2
408  3
409  6
410  2
411  7
412  8
413  7
414  3
415  4
416  2
417  6
418  0
419  0
420  1
421  0
422  0
423  1
424  1
425  2
426  0
427  2
428  0
429  2
430  2
431  0
432  3
433  2
434  3
435  2
436  0
437  3
438  2
439  2
440  3
441  2
442  1
443  4
444  6
445  2
446  8
447  9
448  11
449  15
450  17
451  14
452  19
453  20
454  24
455  21
456  13
457  28
458  28
459  22
460  19
461  27
462  24
463  27
464  13
465  9
466  18
467  9
468  11
469  14
470  18
471  12
472  29
473  30
474  31
475  44
476  51
477  50
478  85
479  113
480  169
481  235
482  283
483  317
484  331
485  352
486  385
487  382
488  367
489  393
490  384
491  380
492  373
493  358
494  343
495  254
496  131
497  53
498  19
499  4
500  0
501  0
502  0
503  0
504  0
505  0
506  0
507  0
508  0
509  0
510  0
511  0
512  0
513  0
514  0
515  0
516  0
517  0
518  0
519  0
520  0
521  0
522  0
523  0
524  0
525  0
526  0
527  0
528  0
529  0
530  0
531  0
532  0
533  0
534  0
535  0
536  0
537  0
538  0
539  0
540  0
541  0
542  0
543  0
544  0
545  0
546  0
547  0
548  1
549  0
550  0
551  0
552  0
553  0
554  0
555  0
556  0
557  0
558  0
559  0
560  0
561  0
562  0
563  0
564  0
565  0
566  0
567  0
568  0
569  0
570  0
571  0
572  0
573  0
574  0
575  0
576  0
577  0
578  0
579  0
580  0
581  0
582  0
583  0
584  0
585  0
586  0
587  0
588  0
589  0
590  0
591  0
592  0
593  0
594  0
595  0
596  0
597  0
598  0
599  0
600  0
601  0
602  0
603  0
604  0
605  0
606  0
607  0
608  0
609  0
610  0
611  0
612  0
613  0
614  0
615  0
616  0
617  0
618  0
619  0
620  0
621  0
622  0
623  0
624  0
625  0
626  0
627  0
628  0
629  0
630  0
631  0
632  0
633  0
634  0
635  0
636  0
637  0
638  0
639  0
640  0
641  0
642  0
643  0
644  0
645  0
646  0
647  0
648  0
649  1
650  0
651  0
652  0
653  0
654  0
655  0
656  0
657  0
658  0
659  0
660  0
661  0
662  0
663  0
664  0
665  0
666  0
667  0
668  0
669  0
670  0
671  0
672  0
673  0
674  0
675  0
676  0
677  0
678  0
679  0
680  0
681  0
682  0
683  0
684  0
685  0
686  0
687  0
688  0
689  0
690  0
691  0
692  0
693  0
694  0
695  0
696  0
697  0
698  0
699  0
700  0
701  0
702  0
703  0
704  0
705  0
706  0
707  0
708  0
709  0
710  0
711  0
712  0
713  0
714  0
715  0
716  0
717  0
718  0
719  0
720  0
721  0
722  0
723  0
724  0
725  0
726  0
727  0
728  0
729  0
730  0
731  0
732  0
733  0
734  0
735  0
736  0
737  0
738  0
739  0
740  0
741  0
742  0
743  0
744  0
745  0
746  0
747  0
748  0
749  0
750  0
751  0
752  0
753  0
754  0
755  0
756  0
757  0
758  0
759  0
760  0
761  0
762  0
763  0
764  0
765  0
766  0
767  0
768  0
769  0
770  0
771  0
772  0
773  0
774  0
775  0
776  0
777  0
778  0
779  0
780  0
781  0
782  0
783  0
784  0
785  0
786  0
787  0
788  0
789  0
790  0
791  0
792  0
793  0
794  0
795  0
796  0
797  0
798  0
799  0
800  0
801  0
802  0
803  0
804  0
805  0
806  0
807  0
808  0
809  0
810  0
811  0
812  0
813  0
814  0
815  0
816  0
817  0
818  0
819  0
820  0
821  0
822  0
823  0
824  0
825  0
826  0
827  0
828  0
829  0
830  0
831  0
832  0
833  0
834  0
835  0
836  0
837  0
838  0
839  0
840  0
841  0
842  0
843  0
844  0
845  0
846  0
847  0
848  0
849  0
850  0
851  0
852  0
853  0
854  0
855  0
856  0
857  0
858  0
859  0
860  0
861  0
862  0
863  0
864  0
865  0
866  0
867  0
868  0
869  0
870  0
871  0
872  0
873  0
874  0
875  0
876  0
877  0
878  0
879  0
880  0
881  0
882  0
883  0
884  0
885  0
886  0
887  0
888  0
889  0
890  7
891  633
892  4974
893  5696
894  992
895  34
896  0
897  0
898  0
899  0
900  0
901  0
902  0
903  0
904  0
905  0
906  0
907  0
908  0
909  0
910  0
911  0
912  0
913  0
914  0
915  0
916  0
917  0
918  0
919  0
920  0
921  0
922  0
923  0
924  0
925  0
926  0
927  0
928  0
929  0
930  0
931  0
932  0
933  0
934  0
935  0
936  0
937  0
938  0
939  0
940  0
941  0
942  0
943  0
944  0
945  0
946  0
947  0
948  0
949  0
950  0
951  0
952  0
953  0
954  0
955  0
956  0
957  0
958  0
959  0
960  0
961  0
962  0
963  0
964  0
965  0
966  0
967  0
968  0
969  0
970  0
971  0
972  0
973  0
974  0
975  0
976  0
977  0
978  0
979  0
980  0
981  0
982  0
983  0
984  0
985  0
986  0
987  0
988  0
989  0
990  0
991  0
992  0
993  0
994  0
995  0
996  0
997  0
998  0
999  0
1000  0
1001  0
1002  0
1003  0
1004  0
1005  0
1006  0
1007  0
1008  0
1009  0
1010  0
1011  0
1012  0
1013  0
1014  0
1015  0
1016  0
1017  0
1018  0
1019  0
1020  0
1021  0
1022  0
1023  0
