0  0
1  0
2  0
3  0
4  0
5  0
6  0
7  0
8  0
9  0
10  0
11  0
12  0
13  0
14  0
15  0
16  0
17  0
18  0
19  0
20  0
21  0
22  0
23  0
24  0
25  0
26  0
27  0
28  0
29  0
30  0
31  0
32  0
33  0
34  0
35  0
36  1
37  0
38  0
39  0
40  0
41  0
42  0
43  933
44  1474
45  1417
46  1380
47  1419
48  1391
49  1374
50  1287
51  1248
52  1293
53  1285
54  1242
55  1252
56  1204
57  1255
58  1207
59  1161
60  1130
61  1137
62  1149
63  1139
64  1129
65  1173
66  1168
67  1064
68  1056
69  1084
70  1095
71  1062
72  1026
73  1048
74  1088
75  1020
76  990
77  977
78  950
79  995
80  1073
81  1004
82  965
83  989
84  970
85  940
86  921
87  952
88  913
89  928
90  904
91  933
92  928
93  860
94  930
95  901
96  842
97  947
98  923
99  847
100  873
101  876
102  818
103  879
104  830
105  888
106  840
107  809
108  783
109  812
110  888
111  850
112  792
113  827
114  792
115  744
116  774
117  819
118  796
119  791
120  795
121  785
122  770
123  759
124  711
125  765
126  744
127  748
128  787
129  713
130  792
131  714
132  709
133  704
134  741
135  726
136  710
137  702
138  693
139  729
140  714
141  678
142  657
143  679
144  675
145  672
146  620
147  639
148  653
149  682
150  616
151  616
152  664
153  633
154  656
155  671
156  604
157  606
158  633
159  563
160  631
161  593
162  610
163  640
164  592
165  609
166  614
167  542
168  594
169  534
170  580
171  580
172  587
173  560
174  567
175  476
176  567
177  577
178  597
179  510
180  586
181  528
182  561
183  574
184  546
185  535
186  509
187  505
188  492
189  501
190  467
191  501
192  516
193  491
194  455
195  516
196  496
197  485
198  489
199  497
200  504
201  520
202  495
203  466
204  484
205  507
206  430
207  478
208  460
209  456
210  464
211  496
212  462
213  448
214  467
215  437
216  451
217  426
218  427
219  453
220  415
221  452
222  473
223  415
224  431
225  445
226  417
227  422
228  440
229  401
230  410
231  389
232  410
233  425
234  364
235  439
236  391
237  401
238  381
239  388
240  419
241  362
242  393
243  371
244  405
245  377
246  353
247  339
248  364
249  352
250  360
251  408
252  351
253  360
254  326
255  330
256  336
257  363
258  333
259  323
260  342
261  325
262  333
263  339
264  337
265  307
266  319
267  323
268  325
269  312
270  349
271  336
272  338
273  365
274  296
275  322
276  324
277  322
278  335
279  290
280  310
281  290
282  284
283  292
284  280
285  274
286  288
287  278
288  261
289  282
290  278
291  277
292  284
293  280
294  297
295  265
296  267
297  302
298  268
299  261
300  258
301  247
302  270
303  244
304  250
305  236
306  247
307  220
308  246
309  244
310  231
311  207
312  271
313  225
314  250
315  233
316  227
317  224
318  264
319  211
320  207
321  217
322  217
323  228
324  255
325  216
326  190
327  209
328  205
329  198
330  211
331  206
332  218
333  206
334  209
335  190
336  177
337  180
338  172
339  182
340  186
341  186
342  203
343  177
344  176
345  189
346  171
347  163
348  180
349  190
350  172
351  161
352  169
353  171
354  162
355  165
356  160
357  161
358  142
359  147
360  144
361  157
362  161
363  196
364  160
365  167
366  151
367  155
368  160
369  143
370  128
371  143
372  143
373  134
374  129
375  103
376  111
377  115
378  137
379  148
380  115
381  142
382  110
383  119
384  127
385  93
386  115
387  117
388  121
389  107
390  110
391  86
392  117
393  108
394  127
395  100
396  106
397  105
398  114
399  81
400  81
401  102
402  118
403  93
404  75
405  117
406  98
407  114
408  85
409  102
410  90
411  82
412  76
413  94
414  94
415  74
416  84
417  90
418  93
419  92
420  92
421  89
422  96
423  101
424  56
425  92
426  79
427  88
428  75
429  70
430  87
431  78
432  87
433  70
434  75
435  74
436  61
437  89
438  78
439  72
440  79
441  76
442  64
443  77
444  60
445  64
446  67
447  68
448  47
449  59
450  60
451  55
452  41
453  49
454  41
455  58
456  65
457  47
458  39
459  45
460  39
461  33
462  38
463  39
464  41
465  42
466  36
467  35
468  54
469  29
470  37
471  39
472  31
473  35
474  32
475  33
476  38
477  29
478  41
479  31
480  36
481  34
482  29
483  28
484  39
485  33
486  24
487  34
488  28
489  24
490  22
491  22
492  27
493  26
494  21
495  30
496  23
497  23
498  28
499  18
500  25
501  30
502  23
503  31
504  16
505  20
506  21
507  19
508  22
509  25
510  18
511  38
512  19
513  30
514  27
515  14
516  19
517  22
518  27
519  26
520  22
521  33
522  66
523  100
524  77
525  92
526  91
527  156
528  334
529  959
530  1500
531  791
532  125
533  7
534  2
535  2
536  1
537  3
538  0
539  0
540  0
541  1
542  1
543  0
544  0
545  0
546  0
547  0
548  0
549  0
550  0
551  0
552  0
553  0
554  1
555  0
556  0
557  0
558  0
559  0
560  0
561  0
562  1
563  0
564  0
565  1
566  0
567  0
568  0
569  1
570  1
571  0
572  0
573  1
574  0
575  0
576  0
577  0
578  0
579  0
580  0
581  0
582  0
583  0
584  0
585  0
586  0
587  0
588  0
589  0
590  0
591  1
592  0
593  0
594  0
595  0
596  0
597  0
598  0
599  0
600  0
601  0
602  0
603  0
604  0
605  0
606  0
607  0
608  0
609  0
610  0
611  0
612  0
613  0
614  0
615  0
616  0
617  0
618  0
619  0
620  0
621  0
622  0
623  0
624  0
625  0
626  0
627  0
628  0
629  0
630  0
631  0
632  1
633  0
634  0
635  0
636  0
637  0
638  0
639  0
640  0
641  0
642  0
643  0
644  0
645  0
646  0
647  0
648  0
649  0
650  0
651  0
652  0
653  0
654  0
655  0
656  0
657  0
658  0
659  0
660  0
661  0
662  0
663  0
664  0
665  0
666  0
667  0
668  0
669  0
670  0
671  0
672  0
673  0
674  0
675  0
676  0
677  0
678  0
679  0
680  0
681  0
682  1
683  0
684  0
685  0
686  0
687  0
688  0
689  0
690  0
691  0
692  0
693  0
694  0
695  0
696  0
697  0
698  0
699  0
700  0
701  0
702  0
703  0
704  0
705  0
706  0
707  0
708  0
709  0
710  0
711  0
712  0
713  0
714  0
715  0
716  0
717  0
718  0
719  0
720  0
721  0
722  0
723  0
724  0
725  0
726  0
727  0
728  0
729  0
730  0
731  0
732  0
733  0
734  0
735  0
736  0
737  0
738  0
739  0
740  0
741  0
742  1
743  0
744  0
745  0
746  0
747  0
748  0
749  0
750  0
751  0
752  0
753  0
754  0
755  0
756  0
757  0
758  0
759  0
760  0
761  0
762  0
763  0
764  0
765  0
766  0
767  0
768  0
769  0
770  0
771  0
772  0
773  0
774  0
775  0
776  0
777  0
778  0
779  0
780  0
781  0
782  0
783  0
784  0
785  0
786  0
787  0
788  0
789  0
790  0
791  0
792  0
793  0
794  0
795  0
796  0
797  0
798  0
799  0
800  0
801  0
802  0
803  0
804  0
805  0
806  0
807  0
808  0
809  0
810  0
811  0
812  0
813  0
814  0
815  0
816  0
817  0
818  0
819  0
820  0
821  0
822  0
823  0
824  0
825  0
826  0
827  0
828  0
829  0
830  0
831  0
832  0
833  0
834  0
835  0
836  0
837  0
838  0
839  0
840  0
841  0
842  0
843  0
844  0
845  0
846  0
847  0
848  0
849  0
850  0
851  0
852  0
853  0
854  0
855  0
856  0
857  0
858  0
859  0
860  0
861  0
862  0
863  0
864  0
865  0
866  0
867  0
868  0
869  0
870  0
871  0
872  0
873  0
874  0
875  0
876  0
877  0
878  0
879  0
880  0
881  0
882  0
883  0
884  0
885  0
886  0
887  0
888  0
889  0
890  0
891  0
892  0
893  0
894  0
895  0
896  0
897  0
898  0
899  0
900  0
901  0
902  0
903  0
904  0
905  0
906  0
907  0
908  0
909  0
910  0
911  0
912  0
913  0
914  0
915  0
916  0
917  0
918  0
919  0
920  0
921  0
922  0
923  0
924  0
925  0
926  0
927  0
928  0
929  0
930  0
931  0
932  0
933  0
934  0
935  0
936  0
937  0
938  0
939  0
940  0
941  0
942  0
943  0
944  0
945  0
946  0
947  0
948  0
949  0
950  0
951  0
952  0
953  0
954  0
955  0
956  0
957  0
958  0
959  0
960  0
961  0
962  0
963  0
964  0
965  0
966  0
967  0
968  0
969  0
970  0
971  0
972  0
973  0
974  0
975  0
976  0
977  0
978  0
979  0
980  0
981  0
982  0
983  0
984  0
985  0
986  0
987  0
988  0
989  0
990  0
991  0
992  0
993  0
994  0
995  0
996  0
997  0
998  0
999  0
1000  0
1001  0
1002  0
1003  0
1004  0
1005  0
1006  0
1007  0
1008  0
1009  0
1010  0
1011  0
1012  0
1013  0
1014  0
1015  0
1016  0
1017  0
1018  0
1019  0
1020  0
1021  0
1022  0
1023  0
