0  0
1  0
2  0
3  0
4  0
5  0
6  0
7  0
8  0
9  0
10  0
11  0
12  0
13  0
14  0
15  0
16  0
17  0
18  0
19  0
20  0
21  0
22  0
23  0
24  0
25  0
26  0
27  0
28  0
29  0
30  0
31  0
32  0
33  0
34  0
35  0
36  0
37  0
38  0
39  0
40  0
41  0
42  0
43  0
44  0
45  0
46  5
47  1
48  5
49  5
50  4
51  5
52  3
53  2
54  2
55  2
56  4
57  5
58  1
59  5
60  6
61  6
62  3
63  2
64  4
65  6
66  1
67  4
68  0
69  5
70  2
71  4
72  2
73  2
74  3
75  1
76  4
77  2
78  3
79  4
80  1
81  3
82  7
83  2
84  4
85  3
86  1
87  2
88  3
89  1
90  3
91  4
92  3
93  2
94  0
95  3
96  2
97  0
98  1
99  4
100  3
101  4
102  2
103  3
104  4
105  2
106  3
107  2
108  0
109  2
110  1
111  3
112  2
113  2
114  1
115  1
116  2
117  1
118  1
119  1
120  1
121  1
122  1
123  1
124  1
125  3
126  2
127  4
128  2
129  2
130  1
131  1
132  1
133  3
134  1
135  2
136  1
137  2
138  1
139  3
140  2
141  2
142  3
143  3
144  1
145  1
146  4
147  0
148  1
149  1
150  2
151  6
152  8
153  10
154  13
155  4
156  4
157  6
158  2
159  4
160  3
161  2
162  1
163  2
164  5
165  15
166  15
167  9
168  2
169  4
170  0
171  1
172  0
173  1
174  1
175  2
176  1
177  0
178  3
179  5
180  0
181  1
182  0
183  1
184  0
185  0
186  2
187  0
188  1
189  3
190  1
191  1
192  0
193  1
194  1
195  0
196  3
197  1
198  0
199  1
200  0
201  2
202  0
203  3
204  1
205  1
206  0
207  1
208  3
209  0
210  1
211  0
212  3
213  2
214  1
215  0
216  3
217  1
218  1
219  1
220  2
221  1
222  0
223  0
224  0
225  0
226  0
227  0
228  2
229  0
230  0
231  1
232  2
233  1
234  0
235  0
236  0
237  1
238  1
239  0
240  1
241  1
242  1
243  0
244  1
245  1
246  3
247  0
248  0
249  2
250  4
251  0
252  0
253  1
254  0
255  3
256  0
257  1
258  1
259  0
260  1
261  1
262  1
263  0
264  0
265  2
266  0
267  2
268  0
269  0
270  0
271  1
272  0
273  2
274  0
275  0
276  1
277  2
278  1
279  2
280  1
281  0
282  0
283  0
284  0
285  0
286  0
287  2
288  0
289  1
290  0
291  1
292  0
293  0
294  1
295  1
296  2
297  1
298  0
299  0
300  1
301  0
302  0
303  1
304  0
305  0
306  0
307  1
308  1
309  0
310  2
311  1
312  1
313  1
314  2
315  0
316  0
317  1
318  0
319  0
320  0
321  1
322  0
323  1
324  0
325  0
326  0
327  2
328  1
329  0
330  2
331  1
332  1
333  0
334  1
335  0
336  0
337  3
338  0
339  1
340  0
341  1
342  1
343  0
344  0
345  0
346  0
347  0
348  0
349  0
350  1
351  1
352  2
353  0
354  1
355  1
356  0
357  0
358  2
359  1
360  0
361  0
362  0
363  2
364  2
365  1
366  0
367  2
368  0
369  1
370  1
371  0
372  0
373  0
374  1
375  0
376  1
377  2
378  0
379  0
380  0
381  1
382  0
383  1
384  0
385  0
386  1
387  0
388  0
389  1
390  0
391  0
392  0
393  0
394  1
395  0
396  0
397  0
398  0
399  0
400  1
401  0
402  0
403  1
404  0
405  0
406  1
407  0
408  1
409  0
410  2
411  0
412  0
413  1
414  1
415  1
416  0
417  0
418  0
419  0
420  0
421  0
422  0
423  0
424  1
425  1
426  2
427  1
428  0
429  0
430  0
431  0
432  1
433  1
434  0
435  0
436  0
437  0
438  1
439  2
440  1
441  0
442  0
443  0
444  0
445  0
446  0
447  0
448  0
449  0
450  0
451  0
452  0
453  0
454  1
455  2
456  0
457  1
458  0
459  0
460  1
461  0
462  0
463  1
464  0
465  1
466  0
467  0
468  0
469  0
470  1
471  1
472  0
473  1
474  0
475  0
476  0
477  0
478  0
479  2
480  0
481  0
482  1
483  0
484  1
485  1
486  0
487  0
488  0
489  0
490  0
491  0
492  1
493  1
494  1
495  0
496  1
497  0
498  1
499  1
500  0
501  0
502  1
503  0
504  0
505  0
506  1
507  1
508  2
509  1
510  1
511  0
512  0
513  1
514  0
515  0
516  0
517  1
518  0
519  0
520  0
521  0
522  2
523  2
524  0
525  2
526  2
527  1
528  0
529  3
530  3
531  3
532  2
533  1
534  2
535  1
536  2
537  4
538  1
539  1
540  3
541  0
542  1
543  2
544  0
545  0
546  0
547  0
548  0
549  1
550  1
551  2
552  0
553  3
554  0
555  2
556  0
557  1
558  0
559  2
560  1
561  2
562  1
563  2
564  1
565  1
566  3
567  2
568  5
569  0
570  3
571  1
572  1
573  1
574  0
575  2
576  1
577  1
578  2
579  3
580  0
581  3
582  4
583  1
584  7
585  5
586  7
587  8
588  11
589  11
590  10
591  13
592  11
593  10
594  11
595  9
596  8
597  10
598  10
599  6
600  4
601  1
602  6
603  2
604  4
605  3
606  3
607  6
608  3
609  9
610  7
611  4
612  8
613  7
614  10
615  9
616  12
617  6
618  11
619  7
620  12
621  18
622  26
623  42
624  57
625  83
626  108
627  122
628  184
629  203
630  226
631  257
632  235
633  248
634  251
635  254
636  230
637  224
638  182
639  114
640  55
641  24
642  12
643  3
644  0
645  0
646  0
647  0
648  0
649  0
650  0
651  0
652  0
653  0
654  0
655  0
656  0
657  0
658  0
659  0
660  0
661  0
662  0
663  0
664  0
665  0
666  0
667  0
668  0
669  0
670  0
671  0
672  0
673  0
674  0
675  0
676  0
677  0
678  0
679  0
680  0
681  0
682  0
683  0
684  0
685  0
686  0
687  0
688  0
689  0
690  0
691  0
692  0
693  0
694  0
695  0
696  0
697  0
698  0
699  0
700  0
701  0
702  0
703  0
704  0
705  0
706  0
707  0
708  0
709  0
710  0
711  0
712  0
713  0
714  0
715  0
716  0
717  0
718  0
719  0
720  0
721  0
722  0
723  0
724  0
725  0
726  0
727  0
728  0
729  0
730  0
731  0
732  0
733  0
734  0
735  0
736  0
737  0
738  0
739  0
740  0
741  0
742  0
743  0
744  0
745  0
746  0
747  0
748  0
749  0
750  0
751  0
752  0
753  0
754  0
755  0
756  0
757  0
758  0
759  0
760  0
761  0
762  0
763  0
764  0
765  0
766  0
767  0
768  0
769  0
770  0
771  0
772  0
773  0
774  0
775  0
776  0
777  0
778  0
779  0
780  0
781  0
782  0
783  0
784  0
785  0
786  0
787  0
788  0
789  0
790  0
791  0
792  0
793  0
794  0
795  0
796  0
797  0
798  0
799  0
800  0
801  0
802  0
803  0
804  0
805  0
806  0
807  0
808  0
809  0
810  0
811  0
812  0
813  0
814  0
815  0
816  0
817  0
818  0
819  0
820  0
821  0
822  0
823  0
824  0
825  0
826  0
827  0
828  0
829  0
830  0
831  0
832  0
833  0
834  0
835  0
836  0
837  0
838  0
839  0
840  0
841  0
842  0
843  0
844  0
845  0
846  0
847  0
848  0
849  0
850  0
851  0
852  0
853  0
854  0
855  0
856  0
857  0
858  0
859  0
860  0
861  0
862  0
863  0
864  0
865  0
866  0
867  0
868  0
869  0
870  0
871  0
872  0
873  0
874  0
875  0
876  0
877  0
878  0
879  0
880  0
881  0
882  0
883  0
884  0
885  0
886  0
887  0
888  0
889  0
890  9
891  1065
892  8524
893  10727
894  1947
895  49
896  0
897  0
898  0
899  0
900  0
901  0
902  0
903  0
904  0
905  0
906  0
907  0
908  0
909  0
910  0
911  0
912  0
913  0
914  0
915  0
916  0
917  0
918  0
919  0
920  0
921  0
922  0
923  0
924  0
925  0
926  0
927  0
928  0
929  0
930  0
931  0
932  0
933  0
934  0
935  0
936  0
937  0
938  0
939  0
940  0
941  0
942  0
943  0
944  0
945  0
946  0
947  0
948  0
949  0
950  0
951  0
952  0
953  0
954  0
955  0
956  0
957  0
958  0
959  0
960  0
961  0
962  0
963  0
964  0
965  0
966  0
967  0
968  0
969  0
970  0
971  0
972  0
973  0
974  0
975  0
976  0
977  0
978  0
979  0
980  0
981  0
982  0
983  0
984  0
985  0
986  0
987  0
988  0
989  0
990  0
991  0
992  0
993  0
994  0
995  0
996  0
997  0
998  0
999  0
1000  0
1001  0
1002  0
1003  0
1004  0
1005  0
1006  0
1007  0
1008  0
1009  0
1010  0
1011  0
1012  0
1013  0
1014  0
1015  0
1016  0
1017  0
1018  0
1019  0
1020  0
1021  0
1022  0
1023  0
