0  0
1  0
2  0
3  0
4  0
5  0
6  0
7  0
8  0
9  0
10  0
11  0
12  0
13  0
14  0
15  0
16  0
17  0
18  0
19  0
20  0
21  0
22  0
23  0
24  0
25  0
26  0
27  0
28  0
29  0
30  0
31  0
32  0
33  0
34  0
35  0
36  0
37  0
38  0
39  0
40  0
41  0
42  0
43  358
44  540
45  526
46  527
47  545
48  471
49  510
50  465
51  508
52  473
53  502
54  481
55  468
56  435
57  433
58  424
59  437
60  437
61  418
62  427
63  450
64  423
65  395
66  388
67  364
68  391
69  408
70  391
71  384
72  355
73  379
74  374
75  368
76  331
77  326
78  341
79  353
80  309
81  295
82  348
83  333
84  357
85  304
86  328
87  291
88  298
89  325
90  330
91  295
92  319
93  255
94  283
95  276
96  266
97  248
98  269
99  241
100  272
101  272
102  273
103  239
104  269
105  257
106  226
107  278
108  237
109  254
110  232
111  256
112  215
113  238
114  259
115  211
116  219
117  218
118  229
119  229
120  220
121  232
122  213
123  218
124  219
125  193
126  196
127  220
128  187
129  178
130  183
131  188
132  195
133  188
134  186
135  186
136  170
137  184
138  188
139  187
140  203
141  177
142  162
143  174
144  158
145  183
146  151
147  153
148  148
149  168
150  152
151  154
152  159
153  149
154  153
155  161
156  152
157  129
158  145
159  129
160  131
161  152
162  122
163  122
164  120
165  131
166  137
167  126
168  124
169  141
170  119
171  117
172  116
173  108
174  113
175  130
176  138
177  119
178  116
179  111
180  113
181  103
182  123
183  113
184  119
185  117
186  122
187  112
188  117
189  111
190  105
191  101
192  94
193  106
194  111
195  132
196  100
197  92
198  95
199  109
200  88
201  98
202  95
203  102
204  103
205  115
206  86
207  100
208  81
209  67
210  76
211  73
212  103
213  74
214  73
215  99
216  84
217  82
218  63
219  85
220  84
221  74
222  95
223  66
224  73
225  78
226  93
227  76
228  81
229  80
230  62
231  86
232  91
233  53
234  78
235  83
236  72
237  74
238  76
239  82
240  88
241  75
242  63
243  67
244  76
245  63
246  64
247  72
248  62
249  61
250  64
251  65
252  52
253  48
254  51
255  49
256  50
257  62
258  60
259  68
260  48
261  61
262  48
263  56
264  51
265  51
266  59
267  44
268  48
269  59
270  54
271  53
272  49
273  33
274  52
275  37
276  36
277  41
278  38
279  41
280  33
281  29
282  39
283  42
284  36
285  36
286  28
287  43
288  46
289  32
290  40
291  38
292  33
293  30
294  24
295  50
296  38
297  46
298  37
299  29
300  35
301  29
302  24
303  20
304  29
305  31
306  38
307  21
308  29
309  36
310  27
311  25
312  23
313  17
314  24
315  28
316  19
317  23
318  11
319  18
320  20
321  23
322  24
323  24
324  15
325  22
326  19
327  26
328  23
329  19
330  19
331  17
332  20
333  20
334  26
335  16
336  24
337  16
338  17
339  21
340  11
341  15
342  16
343  13
344  11
345  10
346  11
347  12
348  13
349  17
350  29
351  21
352  22
353  31
354  21
355  18
356  25
357  46
358  68
359  104
360  114
361  112
362  187
363  624
364  1157
365  837
366  145
367  7
368  1
369  1
370  0
371  0
372  0
373  0
374  0
375  0
376  0
377  0
378  0
379  0
380  0
381  0
382  0
383  0
384  0
385  0
386  0
387  0
388  0
389  0
390  0
391  0
392  0
393  0
394  0
395  0
396  0
397  0
398  0
399  0
400  1
401  1
402  0
403  0
404  0
405  0
406  0
407  0
408  0
409  0
410  0
411  0
412  0
413  0
414  0
415  0
416  0
417  0
418  0
419  0
420  0
421  1
422  0
423  0
424  0
425  0
426  0
427  0
428  0
429  0
430  0
431  1
432  0
433  0
434  0
435  0
436  0
437  0
438  0
439  0
440  0
441  0
442  0
443  0
444  0
445  0
446  0
447  0
448  0
449  0
450  0
451  0
452  0
453  0
454  0
455  0
456  0
457  0
458  0
459  0
460  0
461  0
462  0
463  0
464  0
465  0
466  0
467  0
468  0
469  0
470  0
471  0
472  0
473  0
474  7
475  14
476  2603
477  18016
478  837
479  3
480  2
481  2
482  1
483  1
484  2
485  0
486  0
487  1
488  0
489  1
490  0
491  0
492  0
493  1
494  1
495  1
496  1
497  0
498  0
499  1
500  0
501  0
502  0
503  0
504  0
505  0
506  0
507  0
508  0
509  0
510  0
511  1
512  1
513  0
514  0
515  0
516  0
517  1
518  0
519  1
520  0
521  0
522  0
523  0
524  0
525  0
526  0
527  0
528  0
529  0
530  0
531  0
532  0
533  1
534  0
535  0
536  0
537  0
538  0
539  0
540  0
541  1
542  0
543  0
544  1
545  0
546  0
547  0
548  1
549  0
550  0
551  0
552  0
553  0
554  0
555  0
556  0
557  0
558  0
559  0
560  0
561  0
562  0
563  0
564  0
565  0
566  0
567  1
568  0
569  0
570  0
571  0
572  0
573  0
574  0
575  0
576  0
577  0
578  0
579  0
580  0
581  0
582  0
583  0
584  0
585  0
586  0
587  0
588  0
589  0
590  2
591  0
592  0
593  0
594  0
595  0
596  0
597  0
598  0
599  0
600  0
601  0
602  1
603  0
604  0
605  0
606  0
607  0
608  0
609  0
610  0
611  0
612  0
613  0
614  0
615  0
616  0
617  0
618  0
619  0
620  0
621  0
622  0
623  1
624  0
625  0
626  0
627  0
628  0
629  0
630  0
631  0
632  0
633  0
634  0
635  0
636  0
637  0
638  0
639  0
640  0
641  0
642  0
643  0
644  0
645  0
646  0
647  0
648  0
649  0
650  0
651  0
652  0
653  0
654  0
655  0
656  0
657  0
658  1
659  0
660  0
661  0
662  0
663  0
664  0
665  0
666  0
667  0
668  0
669  0
670  0
671  0
672  0
673  0
674  0
675  0
676  0
677  0
678  0
679  0
680  0
681  0
682  0
683  0
684  0
685  0
686  0
687  0
688  0
689  0
690  0
691  0
692  0
693  0
694  0
695  0
696  0
697  0
698  0
699  0
700  0
701  0
702  0
703  1
704  0
705  0
706  0
707  0
708  0
709  0
710  0
711  0
712  0
713  0
714  0
715  0
716  0
717  0
718  0
719  0
720  0
721  0
722  0
723  0
724  0
725  0
726  0
727  0
728  0
729  0
730  0
731  0
732  0
733  0
734  0
735  0
736  0
737  0
738  0
739  0
740  0
741  0
742  0
743  0
744  0
745  0
746  0
747  0
748  0
749  0
750  0
751  0
752  1
753  0
754  0
755  0
756  0
757  0
758  0
759  0
760  0
761  0
762  0
763  0
764  0
765  0
766  0
767  0
768  0
769  0
770  0
771  0
772  0
773  0
774  0
775  0
776  0
777  0
778  0
779  0
780  0
781  0
782  0
783  0
784  0
785  1
786  0
787  0
788  0
789  0
790  0
791  0
792  0
793  0
794  0
795  0
796  0
797  0
798  0
799  0
800  0
801  0
802  0
803  0
804  0
805  0
806  0
807  0
808  0
809  0
810  0
811  0
812  0
813  0
814  0
815  0
816  0
817  0
818  0
819  0
820  0
821  0
822  0
823  0
824  0
825  0
826  0
827  0
828  0
829  0
830  0
831  0
832  0
833  0
834  0
835  0
836  0
837  0
838  0
839  0
840  0
841  0
842  0
843  0
844  0
845  0
846  0
847  0
848  0
849  0
850  0
851  0
852  0
853  0
854  0
855  0
856  0
857  0
858  0
859  0
860  0
861  0
862  0
863  0
864  0
865  0
866  0
867  0
868  0
869  0
870  0
871  0
872  0
873  0
874  0
875  0
876  0
877  0
878  0
879  0
880  0
881  0
882  0
883  0
884  0
885  0
886  0
887  0
888  0
889  0
890  0
891  0
892  0
893  0
894  0
895  0
896  0
897  0
898  0
899  0
900  0
901  0
902  0
903  0
904  0
905  0
906  0
907  0
908  0
909  0
910  0
911  0
912  0
913  0
914  0
915  0
916  0
917  0
918  0
919  0
920  0
921  0
922  0
923  0
924  0
925  0
926  0
927  0
928  0
929  0
930  0
931  0
932  0
933  0
934  0
935  0
936  0
937  0
938  0
939  0
940  0
941  0
942  0
943  0
944  0
945  0
946  0
947  0
948  0
949  0
950  0
951  0
952  0
953  0
954  0
955  0
956  0
957  0
958  0
959  0
960  0
961  0
962  0
963  0
964  0
965  0
966  0
967  0
968  0
969  0
970  0
971  0
972  0
973  0
974  0
975  0
976  0
977  0
978  0
979  0
980  0
981  0
982  0
983  0
984  0
985  0
986  0
987  0
988  0
989  0
990  0
991  0
992  0
993  0
994  0
995  0
996  0
997  0
998  0
999  0
1000  0
1001  0
1002  0
1003  0
1004  0
1005  0
1006  0
1007  0
1008  0
1009  0
1010  0
1011  0
1012  0
1013  0
1014  0
1015  0
1016  0
1017  0
1018  0
1019  0
1020  0
1021  0
1022  0
1023  0
