0  0
1  0
2  0
3  0
4  0
5  0
6  0
7  0
8  0
9  0
10  0
11  0
12  0
13  0
14  0
15  0
16  0
17  0
18  0
19  0
20  0
21  0
22  0
23  0
24  0
25  0
26  0
27  0
28  0
29  0
30  0
31  0
32  0
33  0
34  0
35  0
36  0
37  0
38  0
39  0
40  0
41  0
42  0
43  0
44  0
45  2
46  3
47  9
48  3
49  2
50  8
51  3
52  8
53  6
54  4
55  3
56  5
57  8
58  5
59  5
60  5
61  4
62  1
63  1
64  5
65  3
66  2
67  4
68  5
69  2
70  5
71  5
72  3
73  2
74  2
75  5
76  5
77  4
78  4
79  1
80  2
81  5
82  5
83  1
84  1
85  1
86  6
87  1
88  4
89  3
90  3
91  6
92  3
93  2
94  1
95  1
96  2
97  3
98  3
99  1
100  3
101  6
102  2
103  3
104  4
105  2
106  2
107  3
108  1
109  2
110  4
111  4
112  1
113  2
114  2
115  3
116  4
117  2
118  4
119  1
120  4
121  1
122  2
123  2
124  0
125  2
126  0
127  1
128  1
129  4
130  2
131  0
132  1
133  2
134  1
135  0
136  3
137  0
138  2
139  2
140  1
141  0
142  1
143  0
144  2
145  0
146  1
147  6
148  6
149  5
150  8
151  7
152  7
153  12
154  9
155  4
156  3
157  1
158  3
159  0
160  3
161  2
162  3
163  4
164  10
165  14
166  20
167  11
168  2
169  0
170  1
171  2
172  2
173  0
174  1
175  1
176  1
177  3
178  0
179  2
180  3
181  1
182  0
183  2
184  0
185  0
186  0
187  3
188  0
189  2
190  0
191  0
192  1
193  1
194  2
195  1
196  1
197  0
198  2
199  1
200  0
201  1
202  2
203  1
204  2
205  0
206  0
207  1
208  1
209  0
210  3
211  0
212  0
213  1
214  1
215  0
216  0
217  1
218  4
219  2
220  1
221  2
222  1
223  2
224  0
225  1
226  0
227  1
228  1
229  1
230  1
231  1
232  1
233  1
234  1
235  1
236  2
237  0
238  0
239  2
240  3
241  1
242  2
243  1
244  2
245  3
246  0
247  1
248  0
249  0
250  0
251  1
252  0
253  1
254  0
255  1
256  1
257  0
258  1
259  0
260  1
261  1
262  0
263  2
264  0
265  0
266  1
267  0
268  1
269  2
270  1
271  1
272  2
273  1
274  2
275  0
276  0
277  0
278  0
279  1
280  2
281  0
282  1
283  0
284  0
285  0
286  2
287  0
288  0
289  1
290  0
291  0
292  0
293  0
294  0
295  0
296  0
297  0
298  0
299  1
300  1
301  0
302  1
303  0
304  0
305  1
306  0
307  2
308  1
309  1
310  0
311  0
312  2
313  1
314  1
315  0
316  0
317  0
318  0
319  0
320  0
321  0
322  0
323  0
324  0
325  0
326  0
327  1
328  2
329  1
330  0
331  0
332  0
333  0
334  0
335  1
336  1
337  0
338  0
339  1
340  1
341  0
342  0
343  0
344  0
345  0
346  1
347  0
348  0
349  0
350  2
351  0
352  1
353  1
354  0
355  0
356  0
357  1
358  0
359  3
360  0
361  0
362  1
363  1
364  1
365  0
366  0
367  0
368  0
369  0
370  1
371  2
372  0
373  0
374  1
375  1
376  1
377  1
378  0
379  0
380  0
381  0
382  1
383  0
384  0
385  0
386  0
387  0
388  2
389  2
390  1
391  1
392  2
393  0
394  0
395  0
396  0
397  2
398  0
399  0
400  0
401  0
402  0
403  1
404  0
405  0
406  1
407  1
408  0
409  1
410  1
411  0
412  0
413  0
414  0
415  2
416  0
417  1
418  0
419  1
420  1
421  0
422  0
423  1
424  1
425  0
426  0
427  0
428  1
429  0
430  1
431  0
432  0
433  0
434  0
435  1
436  0
437  0
438  0
439  0
440  1
441  1
442  0
443  1
444  0
445  1
446  0
447  1
448  1
449  0
450  0
451  1
452  0
453  0
454  0
455  1
456  0
457  1
458  0
459  0
460  1
461  0
462  2
463  0
464  2
465  1
466  0
467  0
468  0
469  1
470  1
471  0
472  0
473  0
474  0
475  0
476  1
477  0
478  1
479  0
480  0
481  2
482  0
483  0
484  0
485  1
486  0
487  0
488  0
489  3
490  1
491  0
492  1
493  0
494  1
495  0
496  1
497  1
498  0
499  0
500  0
501  0
502  0
503  0
504  1
505  0
506  0
507  0
508  1
509  1
510  0
511  0
512  1
513  0
514  1
515  0
516  1
517  0
518  1
519  0
520  0
521  0
522  1
523  1
524  1
525  0
526  2
527  2
528  5
529  7
530  3
531  1
532  1
533  3
534  6
535  4
536  2
537  0
538  4
539  2
540  0
541  1
542  0
543  0
544  1
545  1
546  0
547  0
548  1
549  0
550  1
551  2
552  0
553  1
554  1
555  1
556  0
557  1
558  0
559  0
560  0
561  0
562  1
563  0
564  1
565  1
566  1
567  0
568  0
569  1
570  3
571  1
572  1
573  0
574  0
575  1
576  3
577  1
578  0
579  2
580  4
581  4
582  3
583  7
584  6
585  7
586  6
587  9
588  11
589  19
590  14
591  6
592  15
593  9
594  8
595  12
596  10
597  10
598  4
599  1
600  3
601  4
602  2
603  1
604  2
605  2
606  2
607  4
608  5
609  6
610  2
611  6
612  7
613  7
614  4
615  11
616  15
617  18
618  19
619  21
620  20
621  29
622  27
623  58
624  69
625  105
626  126
627  187
628  208
629  230
630  224
631  279
632  265
633  261
634  228
635  240
636  233
637  228
638  172
639  130
640  73
641  30
642  4
643  1
644  0
645  0
646  0
647  0
648  0
649  0
650  0
651  0
652  0
653  0
654  0
655  0
656  0
657  0
658  0
659  0
660  0
661  0
662  0
663  0
664  0
665  0
666  0
667  0
668  0
669  0
670  0
671  0
672  0
673  0
674  0
675  0
676  0
677  0
678  0
679  0
680  0
681  0
682  0
683  0
684  0
685  0
686  0
687  0
688  0
689  0
690  0
691  0
692  0
693  0
694  0
695  0
696  0
697  0
698  0
699  0
700  0
701  0
702  0
703  0
704  0
705  0
706  0
707  0
708  0
709  0
710  0
711  0
712  0
713  0
714  0
715  0
716  0
717  0
718  0
719  0
720  0
721  0
722  0
723  0
724  0
725  0
726  0
727  0
728  0
729  0
730  0
731  0
732  0
733  0
734  0
735  0
736  0
737  0
738  0
739  0
740  0
741  0
742  0
743  0
744  0
745  0
746  0
747  0
748  0
749  0
750  0
751  0
752  0
753  0
754  0
755  0
756  0
757  0
758  0
759  0
760  0
761  0
762  0
763  0
764  0
765  0
766  0
767  0
768  0
769  0
770  0
771  0
772  0
773  0
774  0
775  0
776  0
777  0
778  0
779  0
780  0
781  0
782  0
783  0
784  0
785  0
786  0
787  0
788  0
789  0
790  0
791  0
792  0
793  0
794  0
795  0
796  0
797  0
798  0
799  0
800  0
801  0
802  0
803  0
804  0
805  0
806  0
807  0
808  0
809  0
810  0
811  0
812  0
813  0
814  0
815  0
816  0
817  0
818  0
819  0
820  0
821  0
822  0
823  0
824  0
825  0
826  0
827  0
828  0
829  0
830  0
831  0
832  0
833  0
834  0
835  0
836  0
837  0
838  0
839  0
840  0
841  0
842  0
843  0
844  0
845  0
846  0
847  0
848  0
849  0
850  0
851  0
852  0
853  0
854  0
855  0
856  0
857  0
858  0
859  0
860  0
861  0
862  0
863  0
864  0
865  0
866  0
867  0
868  0
869  0
870  0
871  0
872  0
873  0
874  0
875  0
876  0
877  0
878  0
879  0
880  0
881  0
882  0
883  0
884  0
885  0
886  0
887  0
888  0
889  0
890  11
891  1090
892  8472
893  10161
894  1839
895  46
896  1
897  0
898  0
899  0
900  0
901  0
902  0
903  0
904  0
905  0
906  0
907  0
908  0
909  0
910  0
911  0
912  0
913  0
914  0
915  0
916  0
917  0
918  0
919  0
920  0
921  0
922  0
923  0
924  0
925  0
926  0
927  0
928  0
929  0
930  0
931  0
932  0
933  0
934  0
935  0
936  0
937  0
938  0
939  0
940  0
941  0
942  0
943  0
944  0
945  0
946  0
947  0
948  0
949  0
950  0
951  0
952  0
953  0
954  0
955  0
956  0
957  0
958  0
959  0
960  0
961  0
962  0
963  0
964  0
965  0
966  0
967  0
968  0
969  0
970  0
971  0
972  0
973  0
974  0
975  0
976  0
977  0
978  0
979  0
980  0
981  0
982  0
983  0
984  0
985  0
986  0
987  0
988  0
989  0
990  0
991  0
992  0
993  0
994  0
995  0
996  0
997  0
998  0
999  0
1000  0
1001  0
1002  0
1003  0
1004  0
1005  0
1006  0
1007  0
1008  0
1009  0
1010  0
1011  0
1012  0
1013  0
1014  0
1015  0
1016  0
1017  0
1018  0
1019  0
1020  0
1021  0
1022  0
1023  0
