0004444 0003002
00000002000000000000000000000000000000000000000000000000000000000000000000000000 
00000000000000000000000000000000000000000000000000000000000000000000000000000000 
00000000000000000000000000000000000000000000000000000000000000000000000000000000 
00000000000000000000000000000000000000000000000000000000000000000000000000000000 
00000000000000000000000000000000000000000000000000000000000000000000000000000000 
00000000000000000000000000000000000000000000000000000000000000000000000000000000 
00000000000000000000000000000000000000000000000000000000000000000000000000000000 
00000000000000000000000000000000000000000000000000000000000000000000000000000000 
00000000000000000000000000000000000000000000000000000000000000000000000000000000 
00000000000000000000000000000000000000000000000000000000000000000000000000000000 
00000000000000000000000000000000000000000000000000000000000000000000000000000000 
00000000000000000000000000000000000000000000000000000000000000000000000000000000 
00000000000000000000000000000000000000000000000000000000000000000000000000000000 
00000000000000000000000000000000000000000000000000000000000000000000000000000000 
00000000000000000000000000000000000000000000000000000000000000000000000000000000 
00000000000000000000000000000000000000000000000000000000000000000000000000000000 
00000000000000000000000000000000000000000000000000000000000000000000000000000000 
00000000000000000000000000000000000000000000000000000000000000000000000000000000 
00000000000000000000000000000000000000000000000000000000000000000000000000000000 
00000000000000000000000000000000000000000000000100000000000000000000000000000000 
00000000000000000000000000000000000000000000000000000000000000000000000000000000 
00000000000000010000000000000000000000000000000000000000000000000000000000000000 
00000000000000000000000000000000000000000000000000000000000000000000000000000000 
00000000000000000000000000000000000000000000000000000000000000000000000000000000 
00000000000000000000000000000000000000000000000000000000000000020000000100000000 
00000000000000000000000000000001000000010000000200000003000000030000000200000003 
00000008000000030000001000000005000000130000001200000012000000160000001800000018 
00000019000000140000002700000035000000290000003400000027000000300000003100000028 
00000035000000340000003100000035000000340000005500000051000000530000005400000054 
00000049000000470000005800000055000000550000006100000058000000490000006100000057 
00000065000000550000006800000065000000630000005600000054000000730000007300000079 
00000064000000780000007700000079000000760000007600000074000000880000006700000104 
00000086000000980000007700000083000000900000009200000083000000950000009000000092 
00000098000000810000009100000081000000880000007600000088000000800000007500000093 
00000088000001010000009000000103000000950000009100000097000001000000009200000097 
00000094000000960000008200000093000000690000009000000095000000960000007700000102 
00000098000001010000008100000079000000850000010600000094000001120000010600000092 
00000110000001030000009000000099000000890000008300000091000000990000010400000082 
00000096000000990000009800000100000000780000009500000103000001130000008000000097 
00000086000000780000009200000106000000990000009300000108000000930000011200000103 
00000106000001140000011200000101000001050000009600000090000001060000010300000084 
00000099000000970000007500000108000000970000011500000108000001030000010700000111 
00000097000000960000011000000112000000840000010600000093000001070000011200000094 
00000111000000990000011200000110000001250000010200000083000001040000010500000096 
00000115000000890000011000000103000001090000011100000112000001020000012500000107 
00000090000001040000010200000098000001000000011500000111000001150000011000000101 
00000109000000990000009800000110000000990000010500000102000001010000011200000085 
00000119000001020000012600000109000001020000012700000107000001100000010800000115 
00000107000001220000009600000098000001090000009700000102000000960000012900000096 
00000113000000960000011700000115000001110000011100000096000001090000012200000109 
00000119000001130000010200000126000001190000012000000107000001270000012100000121 
00000116000001160000012900000125000001330000012900000109000001300000012300000124 
00000115000001230000009200000148000001460000011200000108000001180000013000000140 
00000135000000990000011600000115000001250000012100000120000001400000010800000125 
00000138000001050000011900000112000001220000014000000143000001130000012600000131 
00000116000001380000014700000151000001330000014400000132000001290000013900000145 
00000155000001340000013300000122000001330000013500000159000001410000014200000134 
00000157000001560000016700000145000001300000014900000144000001280000014000000146 
00000136000001280000014700000177000001420000014100000162000001570000013000000167 
00000150000001480000014700000140000001310000015700000154000001370000015400000165 
00000149000001890000018100000143000001460000015700000134000001630000014000000122 
00000145000001600000013800000148000001600000017400000139000001380000016500000142 
00000163000001580000014600000127000001620000014700000142000001550000015700000172 
00000128000001580000015000000164000001630000017700000151000001470000017200000161 
00000170000001520000016200000150000001570000016200000142000001560000016500000151 
00000150000001510000016500000152000001460000017700000153000001780000015600000156 
00000157000001540000017100000138000001710000016400000174000001600000016700000158 
00000174000001560000019200000160000001640000017400000148000001660000018400000147 
00000158000001550000018200000172000001650000017400000164000001610000017000000158 
00000184000001610000017000000186000001600000018500000173000001900000018000000174 
00000191000001530000017600000170000001700000018000000169000001570000017900000189 
00000172000001850000019600000177000001850000016200000201000001870000019200000171 
00000181000001610000018200000175000001780000020000000182000001790000017500000183 
00000200000001870000019000000188000001560000018400000195000001790000016700000196 
00000190000001880000018400000180000002010000022700000179000001980000019900000205 
00000275000003610000052400001081000020020000340200005038000060690000602600005023 
00003203000017220000082100000420000002530000016300000171000001470000014200000145 
00000141000001210000013200000168000001440000014200000146000001390000013400000137 
00000122000001230000012500000150000001480000013200000132000001410000013800000130 
00000126000001410000013600000130000001290000013700000159000001340000013700000126 
00000137000001530000012600000119000001160000013200000132000001140000014900000118 
00000134000001230000013500000135000001180000012000000122000001320000014000000151 
00000119000001350000012200000118000001290000011000000137000001390000014400000130 
00000115000001310000015000000105000001280000010500000110000001380000012700000142 
00000153000001370000011200000125000001200000011800000120000001310000012800000116 
00000139000001080000010800000118000001390000012800000129000001340000012400000126 
00000115000001250000011600000122000001140000013400000126000001240000012800000115 
00000108000001270000014200000102000001310000012800000125000001040000013600000107 
00000130000001230000011700000125000001110000009900000118000001290000012900000125 
00000133000001170000011700000120000001180000011700000123000001100000013900000123 
00000130000001370000011700000133000001280000012700000127000001200000012400000118 
00000115000001090000013000000141000001170000011300000124000001060000011500000129 
00000136000001380000010500000121000000880000011700000135000001240000011600000123 
00000115000001230000011700000110000001230000011800000125000001110000010400000113 
00000134000001230000011300000121000001230000010400000132000001260000011000000123 
00000109000001140000012500000126000001140000012900000121000001070000012200000151 
00000128000001020000011700000114000001310000010900000108000001010000009400000114 
00000107000001210000011800000107000001150000011400000120000001350000010700000086 
00000101000001130000009800000124000000990000012500000119000001080000011300000135 
00000115000000960000011000000095000000970000010100000107000000960000011700000112 
00000110000000910000011000000107000001170000011700000105000001180000010300000114 
00000112000001220000009900000120000001090000010100000113000001230000010500000110 
00000124000000970000009900000104000001190000008800000094000000950000009800000110 
00000099000001170000010900000126000001110000011200000103000001210000011600000113 
00000117000001200000011200000120000001140000012600000088000001100000011500000096 
00000105000000960000010300000114000001140000010100000115000001060000010400000103 
00000101000001040000010200000119000001070000008400000106000000960000010600000115 
00000089000001100000011100000103000001000000010500000100000001100000011200000109 
00000099000001050000009100000100000001080000009600000100000001130000010900000104 
00000119000001170000011000000115000001220000010200000103000001180000011300000119 
00000101000001020000009900000104000001000000009000000106000001170000009100000107 
00000104000001080000009800000086000001200000010200000112000001030000010200000096 
00000075000000900000011000000097000001090000010700000099000000910000011300000101 
00000086000001040000011400000106000001010000010600000092000001030000008800000104 
00000104000000940000009800000089000000920000008500000095000000960000008500000098 
00000089000000790000009800000104000001140000009100000085000000980000009600000094 
00000087000000820000009300000093000000810000009500000085000000820000009300000086 
00000075000000960000007100000077000000850000007300000096000000780000008500000075 
00000076000000870000009300000088000000870000007600000080000000930000007900000072 
00000075000000700000007700000077000000590000006700000094000000800000010400000085 
00000082000000910000008200000068000000880000007800000086000000890000007700000084 
00000063000000860000007300000072000000760000007800000099000000760000008400000077 
00000074000000830000008100000091000000850000006700000080000000790000008400000077 
00000070000000780000009300000076000000920000007100000074000000890000007200000090 
00000075000000770000009700000069000000960000006600000070000000830000009400000092 
00000086000000650000009000000065000000700000006100000073000000810000006600000061 
00000079000000870000006200000083000000820000006200000085000000840000008300000073 
00000061000000820000008300000083000000810000006000000065000000860000007800000083 
00000077000000880000008500000073000000750000006600000080000000470000006700000062 
00000082000000640000007000000059000000820000007800000072000000730000007300000086 
00000071000000790000007200000090000000780000007000000069000000880000008700000065 
00000060000000670000006600000090000000780000007200000054000000700000007100000079 
00000066000000720000007800000068000000690000006500000056000000560000008100000076 
00000085000000650000006600000075000000670000006500000076000000640000007200000060 
00000080000000700000006400000058000000630000005800000078000000720000006200000051 
00000070000000730000006900000076000000640000006700000073000000530000005900000060 
00000082000000740000006800000071000000730000007700000079000001040000011800000102 
00000078000000820000008300000084000000640000007500000062000000590000005600000081 
00000058000000630000007000000068000000730000007000000074000000710000008700000069 
00000071000000740000008400000097000001370000019900000285000005150000075000000884 
00000887000008430000056200000341000001990000014600000073000000610000006600000063 
00000058000000720000008100000055000000610000006300000060000000530000006600000061 
00000071000000590000004900000051000000550000006800000063000000540000006600000065 
00000061000000600000005900000054000000570000005800000082000000650000004200000056 
00000060000000460000004800000044000000500000005300000055000000550000006100000056 
00000036000000510000006100000055000000380000005500000047000000550000004900000042 
00000054000000700000005300000063000000640000005700000055000000380000004900000048 
00000049000000480000005500000054000000600000005300000059000000590000005400000042 
00000053000000480000005000000047000000500000004200000050000000500000006000000062 
00000051000000390000004600000054000000540000005300000044000000570000005300000056 
00000055000000500000004500000044000000510000003900000048000000650000004000000049 
00000039000000350000005400000050000000570000004500000055000000500000004800000048 
00000047000000380000006600000061000000550000005300000058000000530000004500000062 
00000054000000480000005500000064000000630000006200000069000000560000005500000051 
00000058000000540000005500000048000000390000005600000052000000530000004700000054 
00000041000000570000004800000052000000600000004900000039000000600000004600000042 
00000049000000410000005200000058000000530000003500000054000000580000005100000042 
00000051000000310000004400000050000000470000004900000052000000500000004200000048 
00000040000000410000005600000040000000310000003400000050000000500000004700000065 
00000048000000460000005000000041000000620000004400000042000000440000005100000036 
00000046000000510000003500000043000000470000005100000038000000380000004600000044 
00000046000000450000004600000048000000430000005800000044000000430000005100000043 
00000041000000590000004800000046000000470000004300000044000000410000003700000044 
00000047000000320000005400000041000000410000004800000041000000400000004000000043 
00000051000000470000003700000053000000470000003500000034000000400000004600000050 
00000046000000520000003700000054000000420000004900000050000000470000004700000070 
00000048000000730000007200000105000001130000008900000079000000620000005400000058 
00000043000000580000003300000049000000560000004300000034000000340000004500000039 
00000057000000370000003200000041000000480000005000000041000000400000005600000047 
00000053000000470000004900000045000000470000003400000040000000360000003600000040 
00000046000000360000003700000043000000250000002700000035000000440000003300000046 
00000053000000470000003400000042000000370000004400000034000000450000004100000047 
00000045000000330000003700000039000000400000004100000035000000320000004100000042 
00000031000000380000003800000054000000490000004000000043000000450000005400000038 
00000035000000370000003000000047000000370000002800000042000000430000003700000034 
00000042000000370000003600000040000000420000004700000033000000460000003500000035 
00000036000000320000005200000041000000490000004800000043000000470000004900000045 
00000044000000360000004200000039000000290000003000000037000000490000003800000038 
00000035000000350000003800000041000000500000003500000043000000430000005000000038 
00000038000000490000003600000044000000450000004000000036000000390000003800000042 
00000034000000480000004200000031000000420000003400000044000000390000003500000047 
00000036000000290000004100000027000000430000004500000033000000410000004100000029 
00000042000000390000003600000040000000320000003100000042000000480000002900000041 
00000037000000430000004500000043000000400000003600000052000000450000003900000047 
00000034000000580000003600000033000000440000004600000045000000480000003900000032 
00000039000000330000004500000033000000300000004200000050000000270000004300000055 
00000024000000420000005000000041000000390000004800000035000000300000003400000035 
00000036000000370000003900000033000000360000004700000041000000330000004000000040 
00000025000000400000004800000034000000470000004000000036000000520000004000000032 
00000050000000430000002600000041000000380000004100000038000000370000004300000035 
00000031000000430000003400000037000000500000004600000039000000570000008700000119 
00000185000003920000067000001003000013600000162400001818000017010000136900000988 
00000566000003080000018100000075000000400000003600000029000000350000003400000033 
00000036000000290000003900000044000000400000003200000028000000290000003300000035 
00000041000000360000003400000025000000410000002900000035000000370000002900000031 
00000030000000380000004100000053000000540000005700000068000000800000006200000057 
00000032000000440000003300000040000000200000003300000034000000300000003300000036 
00000038000000220000002100000031000000330000002700000025000000280000003300000029 
00000031000000250000002900000027000000320000001900000027000000340000002900000026 
00000033000000280000002700000037000000290000003700000028000000340000002800000031 
00000025000000220000002900000034000000300000002300000023000000180000003600000028 
00000036000000340000002400000019000000250000003600000022000000330000002500000026 
00000031000000370000003700000033000000300000002800000040000000320000003100000036 
00000046000000500000005700000058000000560000005900000082000000750000008600000080 
00000050000000500000004500000025000000280000001500000035000000300000003700000021 
00000023000000180000003500000026000000310000002600000026000000250000002800000027 
00000030000000250000002600000023000000240000002500000021000000250000002600000028 
00000027000000340000003000000025000000200000002400000026000000380000003000000027 
00000026000000260000002900000027000000320000004000000027000000360000002600000022 
00000038000000270000003600000027000000210000002800000021000000270000002800000024 
00000037000000310000003100000025000000210000002500000024000000250000003600000027 
00000032000000300000002500000031000000250000002400000026000000270000001800000028 
00000023000000330000002800000030000000300000002400000032000000220000001900000032 
00000032000000320000003200000026000000280000004100000020000000260000002800000033 
00000023000000220000002600000024000000300000003000000031000000290000002700000025 
00000025000000240000002200000038000000270000001400000018000000320000002800000028 
00000030000000220000001700000032000000330000003000000026000000250000001900000015 
00000026000000200000001800000034000000360000001900000030000000280000002500000031 
00000029000000380000002900000033000000270000003500000031000000320000003300000038 
00000025000000350000002400000019000000300000003000000028000000310000002600000020 
00000023000000250000003200000021000000230000003500000027000000250000002700000025 
00000031000000300000002700000032000000220000002800000027000000240000003100000027 
00000019000000270000002500000021000000230000002300000029000000250000002900000032 
00000028000000230000002200000035000000260000001800000033000000290000003000000026 
00000033000000260000002900000028000000320000002200000024000000300000002200000027 
00000021000000300000002200000025000000320000004000000038000000510000005300000080 
00000136000001210000011600000134000001140000009700000074000000450000003600000028 
00000030000000260000002200000022000000240000002700000023000000210000002800000025 
00000016000000230000001700000027000000330000004000000026000000260000003800000036 
00000019000000220000002200000028000000230000001800000025000000260000003000000028 
00000021000000240000002700000022000000200000003600000023000000210000002400000027 
00000027000000330000002500000035000000220000002500000022000000250000002200000026 
00000022000000210000002400000020000000230000002100000030000000290000003100000023 
00000027000000280000002500000030000000200000002300000017000000160000002800000025 
00000020000000300000002300000029000000180000002500000023000000220000003100000028 
00000021000000230000002500000019000000310000002300000023000000290000002900000025 
00000024000000270000002100000024000000330000002700000027000000290000002600000023 
00000021000000200000002700000019000000190000002200000032000000250000002000000024 
00000026000000250000001900000028000000250000001800000027000000310000002600000034 
00000024000000280000001800000018000000230000002000000019000000250000002300000021 
00000027000000260000002400000025000000270000001600000035000000180000002400000024 
00000026000000230000002400000023000000170000003100000026000000240000002700000026 
00000028000000200000003600000024000000310000002700000052000000600000008200000106 
00000139000001650000018300000142000001380000009600000086000000550000002900000031 
00000026000000230000001900000022000000220000002200000025000000240000002400000018 
00000015000000260000001800000024000000210000002900000029000000270000002500000020 
00000028000000220000003000000019000000240000003600000029000000170000001600000026 
00000025000000280000002300000024000000240000001900000017000000210000002800000024 
00000023000000160000001600000028000000310000002100000022000000200000001600000016 
00000019000000240000001300000025000000210000002800000018000000190000002700000021 
00000026000000280000002700000026000000180000002400000021000000320000002400000029 
00000021000000160000003400000029000000220000001900000024000000140000002400000022 
00000021000000250000003100000023000000250000002600000018000000220000002800000032 
00000021000000280000002800000026000000210000002100000024000000210000002200000029 
00000027000000320000002300000030000000280000001800000027000000220000002500000029 
00000026000000230000002000000028000000220000002600000018000000310000002600000015 
00000025000000080000001900000018000000210000001900000018000000240000003000000027 
00000017000000250000002700000022000000260000002200000020000000150000003100000023 
00000026000000280000003100000023000000300000001600000026000000270000002000000026 
00000021000000290000002100000027000000310000002100000029000000240000002800000026 
00000019000000260000001900000017000000200000001700000025000000210000002600000032 
00000026000000210000002200000012000000170000002300000028000000250000002700000022 
00000022000000270000002700000017000000140000003500000012000000230000001600000023 
00000025000000300000002200000024000000200000001800000031000000230000002700000018 
00000026000000330000002700000026000000250000001600000022000000220000002300000029 
00000026000000170000002000000026000000220000002300000021000000310000002600000029 
00000023000000370000003500000041000000340000003800000035000000230000002800000014 
00000020000000240000003800000021000000210000003000000020000000250000001500000029 
00000021000000280000002900000015000000260000002000000030000000160000003000000024 
00000024000000270000003100000030000000310000001600000020000000190000003000000022 
00000021000000310000002900000017000000150000002500000025000000260000002200000028 
00000010000000260000002500000020000000190000001900000011000000280000002300000020 
00000025000000280000003200000023000000280000002100000019000000200000002600000023 
00000018000000140000003300000018000000240000001500000029000000320000002400000029 
00000022000000320000002600000026000000230000002500000019000000270000002100000029 
00000025000000280000002300000026000000270000002300000021000000180000002100000031 
00000025000000250000002200000027000000190000002700000027000000190000002500000020 
00000030000000290000002800000026000000260000003800000039000000330000004000000027 
00000032000000300000003100000034000000210000002800000018000000200000002200000019 
00000022000000250000002700000024000000210000001500000023000000310000002700000031 
00000013000000240000001800000028000000260000003400000025000000230000002300000020 
00000027000000270000002600000025000000170000002100000021000000180000002100000027 
00000022000000320000001700000028000000240000003300000023000000220000001900000032 
00000033000000220000002500000025000000240000002800000024000000200000002400000018 
00000026000000220000002300000024000000280000002600000028000000210000001700000024 
00000026000000230000001600000023000000240000002200000025000000160000001900000032 
00000017000000200000002100000031000000210000002400000018000000170000002000000026 
00000018000000200000002100000035000000250000002100000025000000330000001700000017 
00000022000000180000002800000028000000110000001500000023000000160000002300000023 
00000020000000150000002100000019000000150000001600000023000000260000002300000020 
00000037000000240000001600000030000000220000002100000028000000250000002000000022 
00000030000000270000002400000016000000240000002700000027000000140000001600000014 
00000020000000210000001800000016000000210000002800000019000000360000002000000021 
00000024000000290000002500000023000000180000001300000026000000200000001900000019 
00000019000000160000002700000033000000250000002000000022000000230000003300000025 
00000020000000290000002500000028000000180000003100000025000000280000001700000022 
00000028000000320000002700000017000000270000002200000014000000250000002000000025 
00000023000000190000001800000019000000210000002800000019000000250000002600000022 
00000031000000240000001200000030000000190000001900000026000000250000002000000015 
00000019000000270000002700000021000000210000002500000024000000280000002200000034 
00000025000000210000002400000019000000170000002200000013000000280000002100000020 
00000025000000220000003000000023000000350000001600000017000000260000002600000018 
00000020000000250000002200000019000000190000002800000023000000160000001700000027 
00000021000000350000002600000022000000200000001500000028000000200000002400000025 
00000015000000240000001900000028000000220000002000000022000000190000002600000022 
00000034000000400000003400000036000000430000003100000027000000310000002400000025 
00000019000000290000002800000040000000360000001500000024000000260000001700000032 
00000027000000200000002500000020000000240000001300000016000000240000001400000018 
00000027000000200000002800000019000000230000002600000025000000270000002700000032 
00000024000000190000003600000024000000230000002700000026000000260000002100000021 
00000023000000170000002200000012000000340000002700000024000000230000001800000026 
00000018000000160000003100000031000000260000003100000033000000220000002200000017 
00000026000000210000002900000023000000290000002500000026000000360000002500000019 
00000028000000250000002200000017000000160000002200000021000000300000001300000020 
00000027000000250000003000000018000000310000002900000026000000200000002800000029 
00000028000000320000003800000030000000340000002700000035000000350000002600000020 
00000023000000290000003000000023000000280000003200000038000000420000004100000030 
00000041000000340000003300000026000000250000001900000021000000230000002200000024 
00000016000000150000001400000023000000180000002000000026000000160000001500000016 
00000023000000210000002200000023000000250000002200000027000000240000002400000023 
00000021000000170000002000000014000000180000001700000026000000160000002000000021 
00000026000000190000002500000031000000240000002100000018000000110000002700000016 
00000020000000250000001900000016000000290000002300000020000000140000002400000025 
00000011000000140000001000000017000000210000000900000019000000130000001700000024 
00000024000000160000001800000011000000260000001600000014000000180000001700000017 
00000020000000190000002100000016000000240000001900000021000000260000002400000023 
00000025000000170000002100000022000000220000001800000016000000200000001500000017 
00000016000000240000002100000028000000220000002100000029000000270000001400000020 
00000019000000170000001700000041000000370000003500000045000000580000005400000050 
00000046000000360000003100000019000000190000002400000024000000190000001800000015 
00000018000000180000001300000017000000210000002500000028000000100000002600000023 
00000023000000150000001800000024000000180000002000000022000000250000001900000022 
00000017000000210000002000000021000000290000001700000022000000240000001800000024 
00000027000000240000001700000019000000240000002000000011000000250000002000000026 
00000024000000190000002000000018000000240000001700000018000000200000002200000021 
00000015000000180000001900000016000000200000002000000023000000140000001000000020 
00000025000000230000002100000020000000220000002100000020000000260000001800000019 
00000012000000130000001300000019000000240000002200000022000000100000002000000018 
00000015000000140000001900000021000000180000001700000023000000190000001800000026 
00000022000000210000001800000019000000180000002000000016000000120000001800000017 
00000015000000160000002100000010000000140000002200000022000000260000002300000013 
00000019000000210000002300000015000000160000001500000018000000160000001600000020 
00000017000000230000001800000012000000180000002000000013000000160000001700000013 
00000019000000190000002000000011000000110000001500000014000000240000001400000018 
00000020000000170000001500000019000000220000002600000025000000160000002500000012 
00000022000000180000001600000021000000140000002200000014000000200000002300000021 
00000024000000250000001700000023000000210000002000000022000000170000001500000015 
00000015000000210000002600000026000000230000003400000017000000210000002300000028 
00000020000000190000001600000021000000120000002000000024000000100000001800000016 
00000020000000270000001800000018000000190000001600000020000000150000001500000017 
00000013000000180000001200000016000000120000002700000025000000180000002100000018 
00000020000000140000001800000019000000180000001800000029000000250000001800000014 
00000017000000160000001700000014000000160000001900000027000000140000002200000020 
00000022000000200000001800000016000000180000002000000028000000220000002400000028 
00000021000000270000001400000023000000230000002300000028000000180000002100000025 
00000017000000130000001800000022000000130000002400000023000000250000002300000020 
00000019000000280000002600000028000000230000001500000016000000200000001300000023 
00000023000000210000002700000017000000220000002600000019000000170000002400000020 
00000019000000190000001000000013000000190000001300000017000000130000001700000015 
00000024000000190000001200000020000000230000002200000015000000180000001900000017 
00000016000000190000001600000015000000160000002400000019000000160000002000000023 
00000020000000140000001600000017000000150000001400000022000000280000001500000014 
00000017000000180000002300000023000000240000001800000013000000160000001900000020 
00000020000000240000002400000023000000240000001800000018000000180000002300000019 
00000025000000200000003000000034000000280000004000000024000000360000002700000020 
00000026000000290000001700000020000000200000001500000013000000190000002000000018 
00000025000000200000002200000015000000290000002200000026000000220000001700000019 
00000024000000180000002100000019000000250000001100000020000000170000001800000023 
00000017000000130000002500000023000000160000001400000023000000180000001800000029 
00000019000000240000001900000022000000290000002500000036000000400000003900000039 
00000034000000270000002900000019000000210000002300000014000000170000002200000018 
00000018000000170000002000000019000000180000002300000018000000130000001600000017 
00000024000000180000002200000019000000220000002200000019000000150000002200000022 
00000016000000130000001200000019000000150000001100000015000000220000001900000015 
00000014000000220000001300000020000000190000002300000012000000220000001800000017 
00000033000000170000002000000016000000300000001100000016000000210000002700000017 
00000017000000150000001400000016000000190000002400000013000000160000002100000020 
00000018000000200000001400000022000000200000001100000015000000220000002300000022 
00000022000000180000002300000016000000150000001700000028000000180000001300000024 
00000023000000150000001300000016000000190000001400000028000000170000001700000024 
00000023000000150000002200000023000000150000001700000013000000220000001500000024 
00000027000000200000001800000019000000170000001300000021000000240000003400000023 
00000027000000290000002000000023000000230000002800000024000000170000002400000019 
00000015000000190000001900000019000000230000002600000021000000160000001600000017 
00000022000000270000001800000015000000190000001700000024000000240000001400000021 
00000027000000220000002600000023000000270000002200000026000000230000003100000027 
00000016000000230000002300000023000000190000001900000016000000180000002400000020 
00000020000000180000002000000017000000230000001800000018000000180000001600000019 
00000019000000180000001900000020000000100000002100000017000000260000001300000014 
00000013000000160000002800000020000000260000002000000018000000290000003300000021 
00000018000000210000002700000014000000230000002000000018000000190000002000000017 
00000021000000120000002300000012000000170000001200000018000000190000002900000014 
00000017000000180000001600000019000000080000002100000017000000160000001000000021 
00000018000000270000001600000014000000150000002100000019000000190000002300000022 
00000020000000160000002200000020000000180000001300000015000000150000002300000018 
00000025000000250000001200000014000000170000002100000014000000140000002200000016 
00000020000000160000001300000021000000160000001300000020000000190000002700000017 
00000019000000200000001700000015000000200000002500000013000000180000003300000017 
00000011000000190000002200000018000000230000002000000022000000200000001300000016 
00000021000000120000001400000019000000220000001200000025000000210000002000000021 
00000015000000130000001600000022000000200000001500000012000000160000001000000017 
00000017000000180000002300000022000000250000001200000018000000120000002000000014 
00000023000000170000001900000018000000180000001800000023000000200000002000000023 
00000021000000190000001600000018000000120000002000000030000000190000001600000028 
00000020000000120000001600000015000000170000002100000018000000220000001200000016 
00000017000000230000002100000018000000200000001900000014000000210000002300000012 
00000014000000210000001900000022000000150000001500000019000000180000001000000017 
00000012000000320000001500000019000000190000001900000027000000170000001400000009 
00000014000000150000001800000011000000230000001500000011000000200000002100000014 
00000029000000200000001900000019000000190000002000000020000000200000002100000026 
00000022000000150000002200000015000000220000002100000019000000180000001500000024 
00000020000000100000002100000016000000190000002200000016000000190000002000000018 
00000019000000190000002200000014000000180000001900000020000000180000001600000020 
00000018000000160000002600000017000000110000001700000015000000150000001600000021 
00000013000000130000001600000009000000130000002200000015000000190000002200000019 
00000015000000200000002500000020000000320000004000000043000000550000007400000118 
00000152000002100000017600000230000002700000023500000233000001870000013100000099 
00000064000000420000003200000017000000160000001400000008000000150000002000000016 
00000018000000120000001700000021000000150000001900000018000000170000002100000018 
00000012000000170000001400000015000000140000001300000018000000140000000900000011 
00000017000000100000000800000020000000130000001300000009000000190000001700000019 
00000018000000160000001700000012000000140000001900000013000000080000002000000010 
00000020000000090000001800000012000000250000001300000014000000170000001700000016 
00000016000000170000001400000020000000110000002000000014000000140000001300000019 
00000019000000200000001900000017000000110000001400000017000000130000002100000022 
00000018000000140000001500000025000000160000002200000014000000240000001200000015 
00000017000000190000001300000014000000160000000800000022000000160000001200000015 
00000009000000180000001900000010000000160000001800000014000000180000001600000015 
00000011000000130000001800000016000000140000001400000016000000100000001200000019 
00000026000000150000000900000015000000140000002300000018000000150000001200000013 
00000017000000140000001500000015000000140000001400000018000000110000001400000015 
00000017000000110000001200000012000000070000001400000016000000210000001400000014 
00000019000000180000001400000014000000260000002100000025000000300000002200000027 
00000021000000140000001700000016000000200000001700000008000000170000001400000019 
00000015000000170000001400000011000000170000000800000013000000230000001200000018 
00000014000000240000002000000016000000160000001500000017000000180000002200000013 
00000012000000100000001900000015000000150000001200000014000000220000001500000017 
00000012000000160000001600000031000000080000001400000020000000180000002100000012 
00000021000000100000001800000026000000130000001600000011000000120000001300000017 
00000013000000090000001400000019000000190000001500000011000000100000001600000013 
00000008000000180000001500000016000000130000001800000014000000190000002000000015 
00000015000000120000002000000018000000190000001000000015000000200000001200000019 
00000019000000200000000900000016000000130000001200000013000000140000001300000018 
00000010000000210000001500000012000000140000001100000012000000100000001900000017 
00000013000000220000001200000012000000110000001500000016000000180000001700000015 
00000019000000120000001900000012000000200000001900000019000000180000001700000010 
00000021000000060000002100000017000000100000001500000015000000170000001600000023 
00000019000000160000001200000017000000220000002000000011000000180000002000000016 
00000011000000200000001600000018000000160000002000000023000000170000002100000016 
00000012000000150000002500000013000000160000001200000021000000210000000800000010 
00000011000000170000001600000012000000170000001000000017000000130000001200000011 
00000013000000110000001400000012000000150000001200000019000000160000001300000020 
00000015000000070000001800000013000000150000001800000016000000200000001200000020 
00000017000000170000001100000017000000090000002300000021000000230000000700000013 
00000015000000220000001600000014000000140000001700000011000000140000002000000011 
00000013000000150000001000000020000000150000001400000014000000140000001600000012 
00000013000000200000001000000012000000100000001800000016000000080000001600000023 
00000021000000100000001600000013000000180000001200000017000000190000001600000009 
00000023000000140000002100000026000000160000001400000021000000180000001300000023 
00000021000000190000001300000020000000130000001300000018000000080000001700000019 
00000014000000130000001200000012000000090000001300000014000000240000001900000017 
00000023000000210000002200000025000000290000003500000052000000500000005800000058 
00000082000000860000007900000065000000540000005800000034000000330000002500000024 
00000019000000140000002100000015000000130000001500000020000000130000001400000015 
00000018000000220000001800000020000000170000002000000014000000130000001600000013 
00000013000000160000002100000017000000170000001800000013000000160000001300000014 
00000020000000140000001100000019000000130000002000000014000000120000001600000017 
00000021000000140000001300000015000000140000001400000015000000150000001500000014 
00000016000000170000001400000015000000120000001600000016000000200000002200000022 
00000014000000180000001000000015000000120000001700000021000000180000000900000013 
00000011000000130000001700000015000000170000002100000015000000110000001500000020 
00000016000000110000001200000008000000150000001000000014000000140000001700000012 
00000013000000140000001500000007000000130000001000000023000000160000001300000012 
00000010000000110000001900000017000000150000001400000015000000080000001000000012 
00000015000000190000002400000020000000130000001300000018000000100000001500000014 
00000011000000140000001100000021000000200000001300000009000000170000001800000013 
00000018000000190000001200000007000000130000000800000011000000160000002100000009 
00000015000000120000001900000015000000100000001300000021000000120000001600000010 
00000009000000120000000600000009000000140000001300000015000000180000001500000013 
00000014000000150000000900000012000000120000001100000012000000180000001600000010 
00000010000000140000001100000011000000090000000900000013000000120000001000000015 
00000015000000080000000500000016000000150000001200000023000000180000001700000015 
00000012000000150000001500000009000000110000000800000011000000120000000600000009 
00000011000000070000001100000006000000110000000800000011000000110000001300000013 
00000012000000050000001800000012000000200000001900000017000000230000002300000012 
00000019000000110000001400000016000000110000001100000007000000120000001200000013 
00000010000000130000001000000012000000100000000900000008000000080000001000000015 
00000008000000170000001100000009000000050000001100000009000000130000000600000010 
00000015000000140000001900000012000000130000001500000011000000180000002000000014 
00000013000000130000001600000015000000130000000400000012000000080000000500000010 
00000011000000060000001500000012000000140000001200000010000000100000001100000010 
00000010000000140000000800000009000000050000001200000010000000110000000900000006 
00000011000000160000001200000017000000110000001200000008000000160000001300000016 
00000009000000090000001400000016000000110000001000000017000000090000002100000014 
00000011000000110000000600000012000000140000001100000012000000090000001400000011 
00000008000000080000001100000010000000080000001000000008000000080000001600000011 
00000007000000170000001000000009000000070000001100000010000000140000001100000016 
00000006000000120000000800000010000000070000000500000009000000070000001300000012 
00000010000000090000001900000006000000050000001000000007000000080000001200000011 
00000002000000120000000700000012000000110000000800000016000000080000000800000013 
00000008000000100000000600000012000000080000001400000012000000150000000700000010 
00000014000000090000001300000010000000050000000900000016000000090000000300000006 
00000009000000130000001300000005000000050000001300000006000000130000000900000010 
00000009000000080000001200000008000000100000001100000009000000100000001300000008 
00000008000000190000001200000004000000120000001100000011000000050000001000000010 
00000013000000060000000700000013000000070000001000000016000000110000001000000009 
00000013000000160000000700000017000000110000000700000016000000090000000700000005 
00000006000000130000001300000006000000070000001500000009000000060000000800000002 
00000007000000120000000800000016000000080000000900000009000000070000000700000008 
00000013000000110000000500000009000000070000000700000012000000100000001300000008 
00000008000000060000000800000009000000110000001500000010000000130000001600000010 
00000023000000310000003700000042000000620000008300000118000001310000016200000191 
00000186000001660000018400000192000001710000013100000085000000560000005700000026 
00000023000000130000000800000006000000120000000900000009000000060000000600000008 
00000007000000130000000800000007000000140000002000000009000000150000001500000021 
00000012000000060000000800000013000000100000000500000011000000080000001200000005 
00000006000000130000001500000004000000090000000800000012000000140000001300000006 
00000005000000050000000400000012000000060000001000000015000000070000001000000006 
00000011000000030000000700000015000000070000001200000008000000050000000400000004 
00000010000000070000000700000012000000100000000900000004000000120000000800000009 
00000014000000100000000900000007000000060000000900000014000000050000000500000007 
00000010000000040000000700000005000000080000001100000007000000090000001800000008 
00000004000000050000001100000009000000090000001300000006000000080000000700000004 
00000009000000070000000800000004000000040000000400000007000000080000000700000013 
00000008000000060000000500000011000000050000000900000011000000080000001200000015 
00000007000000080000001200000006000000090000000600000005000000090000000500000012 
00000009000000050000000600000010000000070000000500000005000000110000001000000005 
00000006000000070000000900000008000000060000001000000009000000080000000500000005 
00000007000000050000000300000012000000070000000900000009000000120000001400000005 
00000007000000080000000700000007000000060000000800000008000000040000001200000008 
00000006000000100000000600000011000000050000000400000009000000050000000800000005 
00000005000000110000000900000005000000060000000600000007000000140000001100000011 
00000007000000080000000400000005000000060000000800000006000000100000000900000008 
00000012000000150000001600000016000000160000001600000015000000200000001300000012 
00000012000000080000000800000009000000080000000500000008000000070000000500000004 
00000009000000060000000600000008000000110000000300000003000000050000000600000006 
00000005000000060000001000000005000000050000000700000014000000050000000300000008 
00000010000000050000001100000008000000050000000900000011000000050000000800000011 
00000006000000070000000400000004000000100000000700000010000000110000000800000007 
00000013000000040000000700000008000000080000000400000007000000030000000400000010 
00000008000000090000001200000004000000080000001200000005000000040000000800000012 
00000005000000090000000600000003000000040000000600000007000000060000000900000003 
00000009000000100000001000000009000000080000000900000005000000050000000300000005 
00000006000000040000000400000008000000060000001000000006000000050000000900000006 
00000007000000060000000900000004000000090000001100000009000000080000001200000006 
00000008000000060000000900000006000000070000000300000003000000020000000700000007 
00000008000000070000000600000006000000060000000500000007000000060000001100000004 
00000004000000070000000500000006000000100000000200000009000000060000000900000007 
00000010000000040000000600000007000000090000000700000008000000110000001100000007 
00000009000000090000000500000009000000110000000900000007000000120000000700000006 
00000002000000040000001100000009000000080000000700000006000000050000000800000007 
00000007000000070000000800000005000000080000000600000012000000060000001000000004 
00000006000000130000000900000008000000030000000800000007000000060000000500000008 
00000003000000100000000700000011000000040000001200000010000000050000000500000009 
00000004000000060000000700000001000000060000000600000002000000090000000600000005 
00000013000000060000000900000012000000040000000400000006000000070000000900000005 
00000007000000090000000800000007000000020000000400000006000000100000000400000011 
00000011000000090000000700000006000000090000000700000008000000090000000300000005 
00000007000000130000000400000009000000060000001000000010000000050000000700000010 
00000007000000090000000700000010000000100000000900000007000000050000001000000008 
00000007000000040000000500000005000000080000000600000005000000110000000800000006 
00000004000000040000000800000006000000100000000600000008000000090000000800000005 
00000005000000100000000700000004000000060000000600000012000000020000001200000004 
00000007000000050000000600000003000000110000000400000013000000100000000600000009 
00000009000000040000000600000010000000080000000800000008000000070000000800000009 
00000005000000080000000900000007000000060000000700000006000000130000001100000009 
00000003000000100000000500000007000000020000000600000007000000050000000800000008 
00000005000000100000000900000004000000070000000900000009000000060000000800000011 
00000011000000070000000700000007000000050000001200000005000000060000000500000005 
00000004000000090000000900000005000000060000000400000004000000030000000400000007 
00000007000000120000000800000008000000080000000500000009000000060000000900000008 
00000011000000110000000700000010000000130000001000000010000000160000001300000005 
00000009000000090000000400000004000000110000000800000007000000100000001100000006 
00000009000000040000000400000009000000130000000900000010000000140000001300000012 
00000013000000290000003300000043000000600000006700000092000001000000011300000126 
00000127000001410000009900000118000000710000007600000048000000250000002000000015 
00000015000000100000000700000006000000170000001500000018000000220000002000000021 
00000023000000140000002100000020000000080000002200000020000000100000001500000007 
00000006000000060000001000000006000000090000000400000005000000070000000200000005 
00000011000000160000000300000009000000080000000700000002000000100000000900000009 
00000006000000080000000600000007000000070000000400000009000000100000000300000007 
00000006000000060000000400000010000000040000000500000005000000080000000500000005 
00000009000000120000000600000005000000100000000500000007000000040000000800000008 
00000008000000060000000500000009000000060000000600000006000000070000000800000006 
00000007000000030000000800000010000000120000000600000008000000100000000800000007 
00000007000000080000000900000006000000080000001000000007000000050000000600000004 
00000009000000070000000500000005000000070000000700000012000000100000000800000006 
00000014000000140000001300000011000000160000001900000021000000290000004900000057 
00000072000000920000009600000119000001370000014700000170000001610000012300000128 
00000085000000750000004700000040000000240000001600000012000000110000000600000007 
00000007000000080000000600000007000000040000000400000012000000090000000300000005 
00000002000000030000000600000004000000080000000800000004000000070000000400000009 
00000006000000050000000800000010000000120000001300000015000000100000001300000012 
00000012000000110000000800000009000000150000001400000008000000110000000700000013 
00000013000000100000001400000011000000100000000900000010000000080000000600000006 
00000005000000070000001500000007000000040000000400000007000000080000000400000009 
00000008000000050000001500000003000000040000000700000010000000070000000500000005 
00000010000000080000000500000008000000040000000400000006000000040000000800000013 
00000008000000050000000800000005000000060000000600000008000000030000000500000009 
00000007000000120000001200000004000000110000000600000007000000060000000800000008 
00000004000000060000000500000007000000040000000900000007000000070000000900000010 
00000006000000040000000700000008000000050000000500000010000000030000000500000003 
00000009000000040000000800000009000000060000000700000008000000060000000700000003 
00000004000000050000000700000012000000080000000400000002000000110000000700000005 
00000010000000050000000700000013000000030000000600000010000000080000000600000003 
00000007000000020000000800000008000000040000000800000008000000100000000500000010 
00000006000000070000001300000004000000080000000400000006000000080000001000000015 
00000007000000100000000800000010000000030000000600000007000000050000000700000003 
00000011000000130000000900000012000000040000000900000010000000060000000600000011 
00000005000000050000000300000009000000110000000500000010000000130000000600000006 
00000010000000110000001200000008000000090000000900000009000000100000000700000007 
00000005000000070000000900000004000000040000000600000007000000040000001300000008 
00000006000000070000001000000009000000080000000500000012000000080000000800000009 
00000008000000040000000400000006000000100000000800000004000000130000000400000006 
00000004000000110000000800000010000000060000000900000006000000100000001000000008 
00000006000000050000000600000007000000090000000700000009000000050000000500000008 
00000009000000090000000800000010000000060000000700000006000000060000000200000007 
00000005000000090000000500000006000000010000001100000006000000040000000500000004 
00000004000000060000000800000007000000070000000500000009000000090000000800000004 
00000005000000110000001200000017000000100000001000000003000000080000001100000008 
00000007000000140000000500000012000000050000000600000008000000060000000900000009 
00000007000000070000001500000004000000030000001100000008000000080000001700000000 
00000003000000020000000400000009000000070000000700000006000000100000000800000013 
00000012000000110000000700000013000000030000001500000008000000070000000400000011 
00000010000000090000000400000006000000060000000600000011000000180000000500000005 
00000005000000080000000900000011000000070000000700000009000000080000000300000008 
00000007000000050000000700000009000000080000000100000005000000070000000600000007 
00000006000000120000000600000006000000070000001200000007000000110000000600000011 
00000010000000050000000600000004000000060000000800000007000000090000000900000011 
00000004000000100000000400000007000000060000000600000004000000040000001000000009 
00000003000000070000000300000007000000030000000900000002000000070000001500000009 
00000006000000080000001100000011000000040000000400000006000000050000000600000009 
00000010000000040000000900000002000000040000000400000009000000040000000300000005 
00000007000000040000000700000004000000020000000200000007000000030000000500000006 
00000003000000050000000400000002000000060000000400000010000000100000000300000003 
00000004000000080000000100000006000000100000000600000003000000040000000800000005 
00000009000000090000000600000003000000040000000300000006000000060000000800000002 
00000006000000060000000400000000000000030000000700000004000000030000000200000005 
00000001000000060000000400000001000000090000000400000003000000040000000700000006 
00000006000000070000000600000007000000030000000700000005000000080000000600000006 
00000006000000140000000800000012000000180000001400000013000000220000001600000018 
00000011000000130000001100000008000000010000000700000004000000070000000900000006 
00000004000000040000000300000006000000060000000300000004000000050000000400000005 
00000006000000060000000500000004000000040000000100000005000000040000000500000003 
00000003000000040000000400000005000000020000000900000005000000050000000600000004 
00000002000000040000000700000003000000050000000500000002000000090000000400000005 
00000007000000080000000800000005000000080000000300000011000000070000000500000005 
00000006000000060000000300000003000000040000000400000005000000060000000700000001 
00000003000000060000000300000002000000040000000300000002000000050000000400000002 
00000005000000030000000300000003000000030000000700000002000000050000001000000005 
00000003000000030000000300000003000000060000000300000006000000050000000400000004 
00000005000000040000000300000007000000090000000600000006000000120000000700000004 
00000006000000080000000500000010000000060000000400000003000000020000000500000004 
00000002000000060000000100000005000000050000000800000007000000050000000900000008 
00000005000000020000000300000005000000070000000500000005000000030000000400000007 
00000003000000060000000500000002000000040000000300000008000000010000000400000004 
00000001000000020000000500000004000000010000000300000006000000020000000500000002 
00000004000000030000000600000005000000030000000500000003000000030000000200000004 
00000005000000040000000400000008000000020000000200000005000000050000000100000007 
00000003000000030000000400000003000000070000000600000007000000020000000500000003 
00000005000000030000000600000006000000050000000300000005000000050000000300000006 
00000002000000010000000500000008000000030000000200000006000000060000000600000007 
00000003000000050000000200000002000000010000000100000004000000010000000300000007 
00000004000000010000000200000002000000030000000300000005000000030000000400000002 
00000002000000020000000100000002000000000000000300000002000000080000000200000004 
00000002000000070000000200000001000000030000000400000007000000060000000600000003 
00000002000000040000000300000002000000040000000300000002000000020000000400000002 
00000001000000000000000300000002000000020000000300000001000000010000000200000003 
00000005000000030000000200000005000000070000000200000005000000030000000400000005 
00000003000000030000000500000003000000020000000100000002000000010000000400000003 
00000003000000060000000500000004000000030000000600000005000000010000000500000005 
00000003000000050000000100000001000000030000000400000002000000010000000300000007 
00000004000000030000000300000004000000030000000400000003000000040000000700000004 
00000001000000040000000300000005000000030000000200000000000000020000000500000001 
00000007000000010000000200000004000000020000000100000003000000050000000100000001 
00000002000000040000000300000004000000030000000200000003000000060000000200000003 
00000001000000030000000300000006000000030000000300000001000000020000000500000001 
00000003000000050000000400000002000000030000000300000003000000050000000500000002 
00000005000000020000000400000004000000030000000100000003000000070000000000000003 
00000003000000000000000500000002000000020000000100000004000000010000000300000001 
00000001000000010000000300000003000000030000000400000002000000030000000100000001 
00000002000000030000000000000002000000040000000300000002000000050000000700000001 
00000002000000020000000400000002000000020000000300000001000000020000000200000002 
00000002000000000000000300000004000000010000000400000000000000020000000500000003 
00000002000000050000000200000004000000010000000600000008000000070000001500000012 
00000014000000100000001100000012000000130000001600000003000000080000000800000004 
00000005000000060000000200000002000000050000000300000001000000030000000100000003 
00000001000000070000000300000003000000010000000400000001000000000000000200000005 
00000003000000040000000400000002000000030000000100000001000000010000000400000004 
00000001000000030000000500000002000000030000000300000001000000020000000100000001 
00000004000000020000000500000005000000020000000200000003000000000000000000000000 
00000001000000000000000000000003000000000000000300000003000000020000000000000003 
00000001000000020000000100000000000000020000000000000005000000010000000100000003 
00000002000000050000000200000003000000020000000100000002000000030000000000000001 
00000003000000010000000200000001000000010000000200000002000000010000000300000002 
00000003000000020000000300000000000000020000000300000003000000010000000100000002 
00000002000000030000000100000000000000010000000200000000000000040000000000000000 
00000001000000010000000200000000000000000000000100000000000000000000000100000003 
00000000000000020000000100000001000000010000000100000002000000020000000400000002 
00000001000000000000000200000002000000020000000500000000000000020000000200000003 
00000001000000040000000400000000000000010000000200000002000000010000000300000000 
00000005000000020000000100000000000000030000000000000000000000000000000000000002 
00000002000000010000000200000001000000000000000100000003000000020000000000000003 
00000000000000030000000300000002000000050000000000000000000000020000000400000002 
00000002000000020000000200000000000000050000000100000001000000030000000200000004 
00000002000000010000000200000004000000020000000000000001000000010000000100000001 
00000001000000020000000100000002000000000000000000000000000000030000000000000003 
00000002000000000000000200000002000000010000000300000000000000010000000000000002 
00000000000000020000000200000001000000020000000000000001000000030000000100000001 
00000001000000030000000200000002000000030000000000000002000000010000000300000003 
00000001000000010000000200000002000000000000000200000001000000020000000000000000 
00000001000000020000000200000003000000040000000000000002000000000000000100000001 
00000002000000010000000000000000000000010000000400000002000000010000000000000001 
00000002000000050000000100000001000000000000000000000001000000010000000100000001 
00000001000000030000000000000000000000010000000500000000000000010000000200000001 
00000002000000030000000200000001000000010000000100000001000000000000000000000001 
00000001000000010000000200000002000000000000000100000001000000010000000000000000 
00000009000000020000000200000001000000010000000100000004000000020000000000000002 
00000003000000010000000600000002000000030000000200000001000000020000000300000002 
00000004000000010000000000000001000000040000000000000001000000000000000200000002 
00000001000000020000000000000005000000000000000200000002000000010000000000000000 
00000001000000020000000200000000000000010000000000000001000000000000000300000001 
00000002000000010000000200000001000000010000000000000002000000010000000100000002 
00000000000000000000000100000002000000040000000200000000000000000000000200000000 
00000001000000020000000000000000000000010000000200000003000000000000000000000000 
00000000000000000000000200000000000000030000000300000003000000020000000300000001 
00000001000000020000000100000002000000020000000000000002000000010000000100000001 
00000000000000030000000000000002000000030000000100000005000000000000000100000001 
00000004000000010000000300000001000000020000000300000001000000010000000200000000 
00000000000000000000000200000003000000000000000000000000000000010000000100000000 
00000005000000000000000100000000000000010000000100000000000000020000000100000002 
00000001000000010000000100000002000000010000000100000002000000000000000100000003 
00000001000000000000000000000002000000020000000300000000000000020000000100000000 
00000001000000000000000000000000000000020000000100000000000000010000000200000002 
00000003000000020000000200000001000000020000000200000000000000000000000200000000 
00000003000000020000000200000000000000000000000100000001000000020000000100000001 
00000001000000000000000000000001000000020000000000000002000000010000000100000003 
00000004000000010000000100000001000000000000000100000001000000030000000100000001 
00000001000000010000000400000002000000020000000100000003000000010000000200000003 
00000001000000010000000200000000000000020000000200000003000000010000000300000008 
00000009000000070000001600000016000000260000002700000036000000560000006600000073 
00000091000001020000013200000140000001330000013600000134000001300000012200000105 
00000076000000470000004900000037000000290000000900000006000000050000000500000003 
00000002000000020000000200000000000000020000000200000000000000010000000200000000 
00000001000000000000000100000000000000020000000100000001000000020000000100000001 
00000001000000020000000000000000000000020000000100000003000000010000000000000001 
00000000000000010000000100000001000000010000000100000001000000010000000200000000 
00000001000000000000000100000001000000030000000000000001000000000000000000000002 
00000000000000000000000100000001000000010000000100000000000000000000000100000002 
00000000000000000000000100000000000000010000000000000000000000010000000000000000 
00000001000000010000000000000000000000000000000100000001000000010000000100000001 
00000000000000000000000200000001000000010000000000000001000000020000000200000001 
00000000000000010000000100000001000000000000000100000001000000010000000000000000 
00000001000000010000000100000001000000010000000000000000000000010000000100000001 
00000000000000020000000100000000000000020000000100000001000000010000000100000002 
00000001000000010000000100000000000000000000000100000001000000020000000000000000 
00000000000000010000000100000001000000010000000200000001000000010000000000000000 
00000001000000000000000200000001000000010000000100000001000000040000000200000000 
00000001000000000000000000000001000000030000000100000001000000010000000100000000 
00000000000000010000000200000002000000000000000000000002000000020000000000000001 
00000001000000000000000000000003000000000000000000000000000000030000000000000000 
00000000000000000000000000000000000000050000000000000000000000020000000000000000 
00000000000000020000000000000000000000010000000200000000000000000000000100000000 
00000001000000000000000200000001000000000000000000000000000000000000000100000000 
00000000000000000000000000000001000000000000000000000002000000000000000000000001 
00000001000000010000000200000001000000010000000100000000000000000000000300000002 
00000002000000000000000200000000000000010000000100000006000000060000000400000004 
00000001000000030000000500000003000000100000000800000010000000050000000400000004 
00000009000000110000000900000020000000240000001900000026000000340000003900000033 
00000028000000260000002500000017000000180000001300000004000000040000000400000002 
00000000000000000000000000000002000000010000000000000000000000000000000000000000 
00000000000000000000000000000000000000000000000200000000000000010000000000000000 
00000000000000020000000100000000000000010000000000000003000000020000000000000000 
00000002000000000000000100000000000000000000000000000001000000000000000000000000 
00000000000000000000000000000000000000020000000100000003000000020000000100000000 
00000000000000000000000100000000000000020000000100000000000000000000000100000000 
00000001000000010000000000000002000000010000000100000000000000000000000000000000 
00000000000000000000000000000001000000010000000000000000000000010000000100000000 
00000000000000010000000000000000000000000000000000000000000000010000000200000000 
00000000000000000000000100000001000000000000000200000001000000000000000100000000 
00000000000000000000000000000000000000000000000000000000000000020000000100000000 
00000001000000010000000100000000000000010000000000000000000000010000000000000001 
00000001000000010000000000000001000000000000000000000002000000000000000000000000 
00000000000000020000000000000000000000000000000000000000000000000000000000000000 
00000000000000000000000100000000000000010000000000000000000000000000000000000000 
00000000000000000000000000000001000000000000000100000001000000000000000200000000 
00000000000000000000000100000000000000010000000100000000000000030000000200000000 
00000000000000000000000000000000000000000000000100000001000000000000000100000000 
00000000000000000000000100000000000000000000000100000000000000010000000100000000 
00000000000000000000000100000001000000000000000000000000000000000000000000000000 
00000000000000010000000000000000000000000000000100000000000000000000000000000000 
00000000000000010000000000000000000000000000000000000000000000010000000000000000 
00000001000000000000000000000000000000000000000100000000000000000000000100000001 
00000001000000000000000200000000000000010000000300000002000000000000000100000000 
00000001000000000000000400000002000000030000000000000001000000010000000000000000 
00000000000000010000000000000000000000000000000000000000000000010000000100000001 
00000000000000010000000100000001000000010000000100000001000000010000000100000001 
00000001000000000000000000000000000000000000000000000000000000000000000000000000 
00000000000000010000000000000001000000000000000100000000000000010000000000000000 
00000001000000000000000000000000000000020000000200000000000000030000000200000001 
00000001000000010000000100000000000000000000000200000000000000000000000100000002 
00000001000000000000000000000000000000000000000200000001000000000000000000000000 
00000000000000010000000100000000000000020000000200000000000000000000000200000002 
00000002000000060000000100000003000000060000000400000002000000050000000500000008 
00000005000000030000000500000006000000060000000400000001000000020000000200000004 
00000001000000020000000200000002000000000000000300000000000000010000000100000000 
00000001000000000000000000000001000000000000000000000001000000000000000000000000 
00000001000000000000000000000000000000000000000100000001000000010000000000000000 
00000000000000000000000100000001000000020000000000000001000000010000000000000000 
00000000000000000000000200000000000000010000000000000000000000020000000000000001 
00000002000000010000000100000002000000000000000000000000000000010000000100000001 
00000000000000000000000000000000000000000000000000000000000000000000000000000000 
00000000000000000000000000000000000000000000000000000001000000000000000000000000 
00000000000000010000000000000001000000000000000000000003000000000000000000000000 
00000001000000000000000000000001000000000000000100000002000000000000000000000000 
00000000000000000000000100000000000000000000000100000002000000000000000000000001 
00000000000000000000000100000002000000000000000000000000000000000000000000000000 
00000000000000000000000100000001000000010000000000000000000000000000000200000000 
00000000000000000000000000000000000000000000000000000000000000000000000100000000 
0000000000000000 
