 000444 4 00030 01 0000 000 000 8191 12 40918 0 152846
0000006 2000000 0200000 0000000 0000000 0000000 0000030 0000000 0000000 1000000 0000000 000
0000000 0000000 0000000 0010000 0000000 0000000 0000000 0000000 0000000 0000000 0100000 000
0000000 1000000 0000000 0010000 0000000 0000000 0000000 0000000 0000000 0000000 0000000 000
0000000 0000000 0000000 0000000 0000000 0000000 0000000 0000000 0000000 0000000 0000000 000
0000000 0000000 0000000 0000000 0001000 0000000 0000010 0000000 0000000 0000000 0000000 000
0000000 0000000 0000000 0000000 0000000 0000000 0000000 0000000 0000000 0000000 0000000 000
0000000 0000000 0000000 0000000 0000000 0000000 0000000 0000000 0000000 0000000 0000000 000
0000000 0000000 0000000 0000000 0000000 0000000 0000000 0000001 0000000 0000000 0000000 000
0000000 0000000 0000000 0000000 0000000 0000000 0000000 0000000 0000000 0000000 0000000 000
0000000 0000000 0000000 0000000 0000000 0000000 0000000 0000000 0000000 0000000 0000000 000
0000000 0000000 0000000 0000000 0000000 0000000 0000000 0000000 0000000 0000000 0000000 000
0000000 0000000 0000000 0000000 0000000 0000000 0000000 0000000 0000000 0000000 0000000 001
0000000 0000000 0000000 0000000 0000000 0000000 0000000 0000000 0000000 0000000 0000000 000
0000000 0000000 0000000 0000000 0000000 0000000 0000000 0000000 0000000 0000000 0000000 000
0000000 0000000 0000000 0000000 0001000 0000000 0000000 0000000 0000000 1000000 0000000 000
0000000 0000000 0000000 0000000 0000000 0000100 0000000 0000001 0000000 0000000 0000000 000
0000000 0000000 0000000 0000000 0000000 0000000 0000000 0000000 0000000 0000000 0000000 000
0000000 0000000 0000000 0000000 0000000 0000000 0000000 0000000 0000000 0000000 0000000 000
0000000 0000000 0000000 0010000 0000000 0000000 0000000 0000000 0000000 0000000 0100000 003
0000000 1000000 0000000 0000000 0000000 0000000 0000000 0000000 0000000 0000000 0000000 001
0000000 1000000 0000000 0000000 0001000 0000000 0000000 0000000 0000000 0000000 0000000 002
0000000 0000000 0000000 0000000 0000000 0000000 0000000 0000000 0000000 2000000 0000000 003
0000000 0000000 0000000 0000000 0001000 0000000 0000000 0000000 0000000 0000000 0100000 000
0000000 1000000 0000000 0020000 0000000 0000000 0000000 0000002 0000000 0000000 0200000 000
0000000 1000000 0200000 0010000 0002000 0000100 0000000 0000002 0000000 1000000 0100000 000
0000000 1000000 0100000 0000000 0004000 0000500 0000070 0000011 0000001 6000000 2200000 036
0000003 3000000 4800000 0400000 0054000 0005900 0000670 0000093 0000008 4000001 0300000 114
0000012 0000001 5100000 1640000 0151000 0017200 0001710 0000185 0000019 3000002 1200000 216
0000023 6000002 5600000 2480000 0272000 0027600 0002940 0000314 0000030 9000003 1400000 372
0000032 6000003 5600000 3160000 0346000 0036300 0003630 0000370 0000039 2000004 0200000 407
0000040 7000004 1500000 4160000 0380000 0041300 0004460 0000452 0000042 8000004 5700000 479
0000042 9000005 0000000 4670000 0507000 0048900 0004790 0000532 0000049 2000005 2700000 479
0000051 9000005 0200000 5270000 0502000 0053000 0005400 0000524 0000053 9000005 4700000 505
0000060 2000005 7600000 5190000 0575000 0056300 0005830 0000612 0000059 5000005 9800000 524
0000057 6000006 2600000 5950000 0635000 0060200 0005720 0000563 0000062 3000006 2800000 633
0000059 8000005 9900000 6010000 0601000 0059900 0005830 0000607 0000058 0000006 5000000 663
0000065 1000006 1700000 6340000 0664000 0065700 0006550 0000622 0000060 9000006 5900000 627
0000062 7000006 6500000 6040000 0651000 0064400 0006840 0000647 0000064 8000006 2700000 682
0000072 5000006 6900000 6480000 0682000 0070200 0006220 0000614 0000065 4000006 6500000 659
0000068 6000006 8900000 6780000 0644000 0064800 0006540 0000680 0000067 9000007 2600000 624
0000066 7000007 7100000 7060000 0665000 0070700 0006990 0000684 0000077 4000006 7000000 704
0000074 4000007 0800000 7390000 0783000 0078100 0007550 0000782 0000074 6000007 1600000 766
0000074 0000008 0100000 7400000 0761000 0078500 0007910 0000794 0000076 6000007 5400000 744
0000079 1000008 8000000 8440000 0960000 0124100 0014090 0001964 0000243 5000026 6500002 975
0000264 5000021 4500001 6430000 1159000 0098500 0008740 0000775 0000080 2000007 9200000 742
0000084 2000008 1400000 7340000 0805000 0081400 0008290 0000815 0000079 2000008 4400000 781
0000085 7000007 9600000 8380000 0797000 0088500 0008700 0000841 0000089 8000008 6300000 840
0000085 2000008 7900000 9690000 0923000 0095200 0009450 0000923 0000092 9000008 9700000 966
0000094 3000009 6100000 9780000 0909000 0095000 0009340 0001001 0000101 7000009 8900001 064
0000102 8000009 6700001 0270000 1126000 0101800 0010970 0001107 0000105 9000010 3500001 105
0000113 3000010 7900001 1400000 1067000 0113500 0010830 0001106 0000112 2000011 5000001 152
0000114 8000011 1400001 1780000 1182000 0113200 0011870 0001182 0000126 2000010 9600001 187
0000120 7000011 8400001 2350000 1167000 0123400 0011980 0001276 0000118 6000012 1800001 237
0000125 9000011 8900001 2580000 1209000 0123900 0012950 0001423 0000135 9000014 4900001 383
0000153 8000014 2300001 4620000 1406000 0150600 0014480 0001469 0000153 2000015 4900001 603
0000167 2000017 6500001 9230000 2050000 0229300 0024970 0002453 0000246 9000021 5700001 927
0000172 0000016 3600001 6170000 1613000 0152000 0014950 0001563 0000162 2000015 8800001 610
0000165 8000017 3400001 6420000 1682000 0173200 0017250 0001722 0000177 6000017 2700001 752
0000177 3000017 4300001 9440000 1972000 0204100 0023410 0002564 0000250 5000027 0300002 489
0000244 4000021 4300002 1250000 2278000 0249100 0032590 0004411 0000702 4000108 0700015 960
0002039 3000232 0500022 8030002 0100000 1574900 0109280 0007146 0000482 8000039 9200004 210
0000508 7000066 5100007 7910000 8012000 0719600 0055340 0003952 0000290 6000022 6600002 053
0000188 5000018 3800001 7660000 1640000 0173900 0018430 0001940 0000232 9000031 9900004 588
0000679 6000099 3600012 2830001 3404000 1240500 0094950 0006724 0000423 7000025 7500001 905
0000156 3000014 4400001 3840000 1337000 0132200 0013290 0001318 0000134 7000012 7900001 356
0000134 5000013 3500001 4090000 1478000 0140700 0014100 0001340 0000130 2000013 7800001 271
0000133 7000013 6400001 3830000 1383000 0134800 0014100 0001504 0000150 8000016 0100001 618
0000167 1000016 4800001 6930000 1619000 0153300 0013820 0001430 0000147 3000013 7100001 365
0000143 2000014 8400001 4810000 1447000 0156400 0015800 0001780 0000185 0000020 1600002 082
0000214 1000021 9100002 2690000 2261000 0253200 0030180 0003537 0000396 2000043 0300004 733
0000519 6000055 6100005 4480000 5017000 0406200 0032880 0002847 0000277 3000032 0400003 485
0000348 4000031 0400002 7110000 2159000 0201100 0019540 0002186 0000258 7000028 2500002 956
0000265 2000023 8100002 0790000 1778000 0155100 0013270 0001168 0000097 7000009 1200000 910
0000084 1000007 8100000 8680000 0857000 0078500 0008470 0000830 0000081 4000008 2600000 781
0000080 2000007 7900000 8610000 0875000 0082400 0007840 0000838 0000081 6000008 6000000 867
0000090 3000009 2300001 0210000 0946000 0093400 0008520 0000848 0000085 9000008 5900000 861
0000085 2000008 5000000 8250000 0802000 0086400 0008350 0000835 0000086 8000008 0800000 835
0000083 5000008 0900000 8480000 0782000 0084800 0008750 0000822 0000080 0000008 6500000 814
0000081 1000008 2700000 8220000 0847000 0081600 0008480 0000842 0000084 0000007 8100000 839
0000081 5000008 4600000 8600000 0826000 0084800 0008720 0000875 0000084 2000008 4500000 922
0000085 1000008 1500000 8300000 0822000 0080400 0009300 0000921 0000098 8000009 7900000 926
0000095 2000008 5000000 8470000 0856000 0083700 0007910 0000826 0000085 0000008 5700000 796
0000080 2000008 8000000 8550000 0874000 0078700 0008800 0000886 0000083 6000008 2700000 861
0000091 9000008 3400000 8700000 0772000 0087000 0007840 0000857 0000082 1000007 7900000 794
0000080 7000008 4400000 8030000 0814000 0085200 0008020 0000800 0000081 3000008 2100000 833
0000084 8000008 1800000 8240000 0887000 0080200 0008500 0000881 0000090 8000008 7200000 879
0000086 4000008 5300000 8610000 0901000 0082000 0008420 0000904 0000092 6000011 5500001 392
0000189 5000025 6400003 1640000 3567000 0344400 0027110 0002011 0000138 6000010 3500000 921
0000086 4000008 3800000 8710000 0753000 0080400 0008340 0000816 0000083 1000007 4600000 821
0000084 9000008 4800000 7830000 0796000 0079700 0008100 0000767 0000080 3000007 7000000 769
0000074 8000008 1400000 7820000 0824000 0078100 0008270 0000776 0000079 0000007 3300000 825
0000080 3000008 1600000 7990000 0846000 0071600 0007590 0000768 0000079 6000007 9400000 839
0000085 8000007 8400000 8380000 0804000 0079100 0007780 0000778 0000078 8000006 9600000 735
0000082 7000008 3100000 7900000 0848000 0075300 0007790 0000782 0000077 9000007 3600000 812
0000074 3000007 3500000 8010000 0710000 0077700 0007580 0000768 0000076 1000007 5500000 838
0000078 7000007 7500000 7810000 0755000 0079200 0007700 0000807 0000083 3000007 9600000 754
0000077 8000007 4800000 7480000 0784000 0073400 0007680 0000753 0000081 0000008 3900000 789
0000087 2000009 6800001 1080000 1523000 0184600 0022570 0002307 0000209 3000017 3000001 375
0000103 6000009 0500000 8030000 0762000 0072800 0007400 0000780 0000076 2000007 7200000 769
0000077 8000007 3000000 7810000 0757000 0076700 0007620 0000695 0000077 9000007 7100000 740
0000071 6000007 6400000 7550000 0730000 0072000 0007270 0000681 0000077 7000007 5300000 733
0000074 7000007 3300000 7000000 0783000 0075700 0007710 0000767 0000073 6000008 1500000 769
0000074 0000007 7200000 7700000 0720000 0080500 0007560 0000678 0000070 6000007 4200000 761
0000070 4000007 2800000 6890000 0752000 0073200 0007380 0000745 0000072 6000007 5700000 719
0000074 2000007 6500000 7180000 0704000 0072500 0007360 0000761 0000071 7000007 5100000 729
0000073 8000007 1000000 7050000 0705000 0071300 0006890 0000675 0000078 6000006 8000000 754
0000072 1000007 3700000 7380000 0773000 0076400 0007210 0000761 0000073 6000006 9700000 712
0000073 0000007 1900000 7440000 0787000 0081800 0008370 0000851 0000086 4000008 2700000 830
0000077 6000008 0700000 7990000 0835000 0089900 0010510 0001453 0000214 3000037 1000006 351
0001034 0000146 6300018 3520001 9068000 1649800 0120980 0007258 0000379 1000019 2500000 983
0000070 4000006 0400000 6040000 0567000 0061300 0005600 0000610 0000057 3000005 6700000 584
0000059 7000005 9700000 5710000 0527000 0057300 0005640 0000551 0000054 6000005 4600000 567
0000057 8000005 6400000 5570000 0519000 0053800 0005550 0000496 0000052 9000005 6500000 568
0000050 9000005 2100000 5620000 0542000 0058500 0005380 0000567 0000059 4000006 6700000 681
0000077 6000007 6600000 7170000 0702000 0061800 0005720 0000522 0000054 5000005 2000000 527
0000046 0000005 4900000 5550000 0504000 0050200 0005160 0000542 0000053 3000005 4800000 545
0000051 8000005 5300000 5180000 0534000 0055700 0005240 0000521 0000049 7000005 1800000 525
0000052 8000005 3000000 5040000 0600000 0057600 0006640 0000763 0000081 4000008 1800000 829
0000076 7000006 9900000 5870000 0543000 0054600 0004810 0000556 0000052 7000005 5500000 638
0000077 0000009 8800001 3610000 1693000 0206800 0020900 0001973 0000161 0000011 8800000 825
0000062 2000005 8800000 4880000 0493000 0042400 0005010 0000441 0000050 6000004 6300000 466
0000047 0000004 6800000 4610000 0465000 0048100 0005010 0000466 0000043 7000004 8300000 433
0000048 0000004 5800000 4730000 0507000 0047400 0004580 0000450 0000045 8000004 9500000 484
0000039 5000004 4700000 4470000 0476000 0045900 0004550 0000459 0000045 7000004 5200000 463
0000041 6000004 5100000 4220000 0460000 0050300 0004700 0000427 0000044 6000004 8600000 437
0000046 4000004 5400000 4520000 0408000 0042600 0004860 0000421 0000042 4000004 4700000 462
0000049 5000005 0900000 4440000 0429000 0044800 0004250 0000444 0000044 7000004 2800000 435
0000046 0000004 0900000 4680000 0433000 0045300 0004120 0000471 0000048 4000004 7400000 492
0000046 8000004 5800000 4330000 0429000 0043000 0004200 0000449 0000041 0000004 4100000 379
0000043 7000004 1700000 4400000 0434000 0038300 0004670 0000406 0000043 0000004 4400000 426
0000041 7000004 2300000 4140000 0440000 0046600 0004600 0000479 0000049 8000004 5500000 495
0000048 4000004 7800000 4590000 0438000 0035900 0003870 0000379 0000040 5000003 7400000 391
0000042 9000003 8600000 3930000 0398000 0036900 0003890 0000388 0000041 6000004 0800000 396
0000038 9000003 8400000 3850000 0362000 0036100 0003830 0000422 0000039 9000003 9100000 418
0000039 7000003 8600000 3880000 0377000 0040100 0004040 0000381 0000039 2000003 9300000 396
0000040 4000003 8700000 3820000 0354000 0041100 0003830 0000403 0000038 8000003 7100000 364
0000039 2000004 0700000 3810000 0379000 0040400 0003960 0000411 0000046 9000004 7600000 459
0000046 2000004 1100000 3620000 0401000 0034700 0003600 0000415 0000039 3000003 8800000 367
0000037 9000003 6500000 3910000 0383000 0039000 0004000 0000394 0000042 9000003 9700000 399
0000032 5000003 5700000 3320000 0381000 0033300 0003560 0000383 0000037 9000003 6500000 351
0000038 7000003 6300000 3690000 0356000 0035400 0003540 0000350 0000033 5000003 4400000 340
0000034 8000003 6400000 3330000 0329000 0036200 0003680 0000340 0000032 6000003 5000000 347
0000034 9000003 6000000 3500000 0400000 0034600 0003250 0000382 0000033 0000003 5500000 339
0000037 6000003 4000000 3500000 0326000 0035900 0003460 0000331 0000033 6000003 2500000 346
0000033 5000003 7300000 2930000 0302000 0034800 0003570 0000330 0000034 9000003 3800000 335
0000035 0000003 0300000 3210000 0331000 0035900 0003150 0000342 0000031 5000003 0600000 309
0000033 6000003 3200000 3460000 0331000 0036500 0004050 0000464 0000056 7000006 9000000 766
0000080 4000007 2600000 6630000 0523000 0045900 0003970 0000359 0000031 9000003 3000000 322
0000031 7000003 4300000 2880000 0291000 0031900 0003220 0000323 0000032 6000002 8100000 305
0000030 6000003 2000000 2950000 0329000 0033400 0003070 0000319 0000033 8000003 0200000 314
0000027 7000003 0400000 3240000 0308000 0030400 0003180 0000308 0000029 8000003 0200000 320
0000029 1000002 9200000 3120000 0332000 0030800 0003080 0000309 0000029 8000003 0500000 307
0000030 1000003 2700000 3220000 0283000 0034100 0003230 0000309 0000030 9000003 0200000 312
0000030 2000002 9200000 3100000 0294000 0033700 0002910 0000283 0000030 1000003 0100000 278
0000028 9000003 1000000 3170000 0328000 0029400 0003130 0000291 0000030 7000002 7800000 293
0000025 9000002 9200000 2900000 0275000 0029500 0002950 0000272 0000030 4000003 1400000 300
0000029 1000002 6700000 2660000 0263000 0026900 0002700 0000293 0000028 7000003 0900000 281
0000031 6000002 7700000 2940000 0272000 0027900 0002920 0000268 0000027 5000002 6200000 294
0000026 1000003 0400000 2930000 0278000 0030000 0002660 0000271 0000027 9000002 9000000 266
0000027 5000002 8300000 2760000 0289000 0029800 0002650 0000258 0000027 9000002 7700000 281
0000028 6000002 8000000 2530000 0264000 0025500 0002310 0000259 0000025 7000002 6900000 270
0000027 0000002 2700000 2490000 0271000 0026200 0002620 0000263 0000026 4000002 6400000 256
0000028 4000002 6800000 2400000 0281000 0026100 0002670 0000250 0000022 1000002 7000000 242
0000027 7000002 5800000 2560000 0270000 0024700 0002190 0000284 0000026 2000002 6500000 292
0000025 6000002 6600000 2770000 0267000 0026300 0002670 0000255 0000022 2000002 6200000 246
0000027 4000002 6700000 2750000 0269000 0031500 0002850 0000323 0000026 0000002 8100000 273
0000029 1000002 7200000 3030000 0317000 0027500 0002680 0000261 0000025 1000002 5500000 263
0000021 4000002 3700000 2600000 0259000 0024700 0002300 0000263 0000027 7000002 7500000 259
0000024 3000002 0500000 2220000 0257000 0023600 0002380 0000253 0000025 6000002 5700000 258
0000024 4000002 3900000 2370000 0243000 0021900 0002360 0000262 0000025 1000002 3200000 243
0000024 0000002 2500000 2300000 0224000 0024200 0002440 0000228 0000024 3000002 3600000 225
0000022 4000002 3400000 2490000 0226000 0025100 0002280 0000227 0000023 5000002 4300000 233
0000022 5000002 5900000 2100000 0225000 0020700 0002370 0000220 0000019 6000002 3500000 225
0000023 9000001 9700000 2270000 0231000 0022300 0002460 0000217 0000022 3000002 3900000 227
0000023 7000002 3300000 2380000 0216000 0020200 0002200 0000260 0000022 2000002 2400000 220
0000024 4000001 8900000 2510000 0212000 0023100 0002350 0000204 0000022 8000002 1300000 221
0000024 7000002 4800000 2000000 0199000 0023000 0002180 0000227 0000020 7000002 1300000 209
0000022 8000002 1800000 1930000 0203000 0023900 0002200 0000213 0000022 0000002 1900000 232
0000021 4000002 2300000 2270000 0203000 0021200 0002120 0000205 0000020 5000002 1600000 207
0000020 7000002 1600000 2170000 0195000 0021000 0001990 0000182 0000019 7000001 9300000 202
0000019 8000002 0700000 2040000 0199000 0021900 0002380 0000212 0000020 0000002 0200000 211
0000022 0000001 9900000 2010000 0190000 0016600 0002260 0000214 0000020 4000002 2100000 194
0000017 8000001 9400000 2080000 0192000 0021600 0001950 0000208 0000021 5000001 9000000 191
0000020 0000002 0700000 2130000 0200000 0021300 0001730 0000210 0000017 8000002 1300000 226
0000020 8000002 1000000 1980000 0181000 0019700 0002020 0000203 0000019 8000001 9900000 230
0000018 8000001 7600000 1960000 0203000 0020100 0001940 0000212 0000019 6000001 9700000 176
0000017 3000001 9100000 2100000 0196000 0018800 0001960 0000191 0000020 2000001 8300000 192
0000019 8000001 8700000 1740000 0184000 0021300 0001890 0000209 0000016 7000002 0700000 219
0000020 5000001 9200000 2070000 0183000 0018900 0002210 0000217 0000020 5000001 8500000 197
0000018 1000001 7400000 1790000 0173000 0017000 0001910 0000184 0000018 4000002 2400000 179
0000017 8000001 8600000 2030000 0219000 0016200 0001780 0000209 0000018 9000001 8400000 192
0000017 9000001 9300000 1750000 0187000 0016700 0001900 0000182 0000017 5000001 7100000 163
0000018 4000002 0000000 1990000 0196000 0019700 0001680 0000170 0000019 0000001 9600000 187
0000018 2000001 8100000 1640000 0199000 0017800 0001820 0000180 0000019 3000001 6300000 186
0000017 6000001 7100000 1920000 0165000 0013900 0001690 0000161 0000016 9000001 6100000 195
0000021 0000001 9900000 1950000 0217000 0024300 0002420 0000255 0000025 7000002 7600000 208
0000020 1000002 0900000 1690000 0167000 0019000 0001680 0000172 0000018 3000001 8100000 189
0000018 2000001 6800000 1410000 0176000 0014900 0001550 0000178 0000019 4000001 5700000 168
0000016 6000001 5400000 1600000 0147000 0016600 0001940 0000161 0000015 8000001 7700000 165
0000017 4000001 9300000 1770000 0180000 0015500 0001620 0000189 0000015 2000001 5100000 169
0000016 2000001 4600000 1620000 0161000 0017900 0001840 0000155 0000017 4000001 3500000 150
0000014 4000001 6200000 1800000 0169000 0016600 0001610 0000186 0000014 3000001 7200000 172
0000016 8000001 5400000 1820000 0162000 0014600 0001400 0000148 0000016 6000001 7100000 160
0000014 4000001 4700000 1630000 0174000 0014100 0001430 0000155 0000015 1000001 5700000 169
0000015 8000001 3800000 1410000 0150000 0017600 0001860 0000183 0000018 6000001 9300000 196
0000017 1000001 6600000 1730000 0151000 0015200 0001580 0000196 0000016 7000001 5400000 169
0000013 8000001 9100000 1790000 0158000 0017700 0001630 0000178 0000016 2000001 5300000 155
0000014 2000001 3100000 1830000 0168000 0017300 0001380 0000159 0000013 5000001 4300000 153
0000015 7000001 8300000 1570000 0163000 0014900 0001510 0000169 0000017 1000001 3400000 153
0000015 4000001 5200000 1530000 0189000 0013100 0001520 0000148 0000014 5000001 4000000 155
0000016 7000001 4700000 1510000 0142000 0016300 0001570 0000139 0000016 5000001 4200000 178
0000015 6000001 5400000 1490000 0146000 0015500 0001170 0000143 0000012 3000001 4500000 138
0000016 1000001 5600000 1480000 0134000 0013800 0001560 0000180 0000016 2000001 6000000 152
0000016 2000001 5500000 1420000 0129000 0015500 0001710 0000152 0000016 2000001 3000000 146
0000017 2000001 9400000 1600000 0154000 0016200 0001540 0000137 0000015 1000001 4400000 146
0000011 9000001 4100000 1550000 0146000 0015700 0001390 0000144 0000011 9000001 5700000 146
0000015 0000001 3900000 1320000 0141000 0013500 0001360 0000151 0000011 6000001 3700000 127
0000015 3000001 4300000 1430000 0147000 0013600 0001290 0000138 0000014 4000001 2500000 144
0000014 8000001 4300000 1220000 0136000 0014000 0001540 0000155 0000013 7000001 2700000 126
0000014 3000001 4200000 1390000 0156000 0014000 0001380 0000148 0000015 7000001 3900000 128
0000014 5000001 4500000 1460000 0136000 0013500 0001190 0000147 0000012 5000001 1900000 125
0000011 5000001 4500000 1320000 0144000 0013800 0001440 0000148 0000012 2000001 2800000 130
0000013 9000001 2000000 1380000 0148000 0014300 0001190 0000125 0000013 0000001 3900000 151
0000014 7000001 4800000 1480000 0159000 0012100 0001430 0000136 0000015 5000001 3600000 126
0000013 1000001 2900000 1260000 0166000 0014000 0001300 0000141 0000012 2000001 4300000 114
0000015 2000001 2100000 1460000 0135000 0012900 0001340 0000140 0000012 6000001 3700000 131
0000013 2000001 1400000 1280000 0140000 0013400 0001480 0000145 0000012 6000001 4700000 130
0000012 8000001 2100000 1370000 0147000 0011200 0001170 0000111 0000013 8000001 3000000 152
0000013 1000001 0700000 1540000 0134000 0013800 0001230 0000118 0000012 6000001 3600000 139
0000015 3000001 1900000 1290000 0124000 0011600 0001490 0000137 0000012 9000001 2700000 134
0000012 6000001 2400000 1320000 0144000 0012500 0001270 0000108 0000010 9000001 3300000 127
0000013 6000001 2300000 1320000 0114000 0013400 0001130 0000102 0000010 3000001 2000000 127
0000012 5000001 3300000 1190000 0115000 0012500 0001200 0000115 0000011 5000001 1000000 123
0000013 0000001 3500000 1020000 0149000 0012200 0001170 0000116 0000010 3000001 1800000 120
0000011 6000001 1800000 1500000 0120000 0014600 0001240 0000113 0000012 4000001 3500000 113
0000014 1000001 3500000 1200000 0126000 0011300 0001080 0000120 0000011 8000001 3300000 125
0000010 1000001 1700000 1190000 0093000 0012300 0001280 0000118 0000010 6000001 3200000 115
0000012 1000001 2400000 1110000 0124000 0012600 0001370 0000107 0000013 1000001 2800000 139
0000011 8000001 0900000 1230000 0117000 0012800 0001290 0000120 0000012 3000001 0200000 108
0000012 4000001 0300000 1170000 0120000 0011000 0001160 0000105 0000012 4000000 9700000 138
0000011 8000001 3700000 1040000 0110000 0011400 0001330 0000122 0000012 3000001 1600000 127
0000010 0000001 3100000 1070000 0090000 0010400 0001240 0000123 0000012 7000001 0100000 106
0000011 6000001 2300000 0910000 0100000 0012700 0001330 0000113 0000010 6000001 1100000 132
0000010 6000001 2700000 1080000 0132000 0012700 0001150 0000115 0000011 2000001 1100000 124
0000012 1000001 2600000 1160000 0110000 0012500 0001050 0000113 0000010 4000001 2800000 135
0000010 6000001 2000000 1220000 0110000 0010800 0001170 0000111 0000010 9000000 8100000 109
0000013 9000000 9200000 1080000 0106000 0012400 0001180 0000124 0000013 2000001 3400000 128
0000011 8000001 1600000 1110000 0129000 0011300 0000990 0000120 0000011 9000001 4100000 113
0000009 2000000 9900000 1180000 0115000 0010800 0001080 0000121 0000012 1000001 1100000 122
0000011 2000001 0000000 1100000 0104000 0011100 0001140 0000124 0000010 9000001 0000000 111
0000010 4000001 0100000 0900000 0103000 0011800 0001040 0000119 0000010 5000001 0700000 122
0000011 6000001 0100000 1410000 0106000 0011300 0001160 0000116 0000010 5000000 9000000 121
0000009 0000001 0600000 1100000 0112000 0014000 0001070 0000126 0000010 6000001 1700000 109
0000011 6000001 2700000 1170000 0145000 0011300 0001010 0000114 0000011 0000001 0000000 102
0000010 8000001 0600000 1080000 0096000 0011400 0001090 0000111 0000010 8000001 0200000 107
0000009 2000000 9300000 1120000 0115000 0010900 0000960 0000101 0000013 3000001 1300000 125
0000012 3000001 2300000 1120000 0107000 0010800 0001050 0000090 0000011 5000001 0100000 101
0000009 5000001 1100000 1160000 0116000 0011900 0001020 0000104 0000010 1000001 0100000 109
0000010 5000001 1100000 0980000 0108000 0011400 0000990 0000099 0000010 2000001 0800000 104
0000010 8000001 0500000 1030000 0131000 0011500 0001090 0000120 0000011 9000001 1000000 094
0000011 6000001 1100000 0880000 0110000 0010500 0001150 0000101 0000011 5000001 1800000 108
0000008 6000000 8300000 0950000 0110000 0010000 0001030 0000089 0000010 7000000 9200000 098
0000009 6000000 9600000 1030000 0109000 0010700 0001100 0000110 0000010 0000001 0600000 094
0000010 4000001 1800000 0970000 0096000 0009300 0001140 0000110 0000010 3000001 3300000 104
0000009 7000001 0800000 1070000 0107000 0010500 0001040 0000112 0000012 3000001 0400000 086
0000010 1000001 0900000 1110000 0109000 0009300 0001040 0000096 0000010 8000001 0100000 089
0000010 6000000 9100000 0950000 0098000 0010500 0001040 0000089 0000010 8000001 0000000 093
0000009 6000001 0600000 0920000 0102000 0010700 0000920 0000090 0000010 7000001 0400000 092
0000009 2000001 1500000 1000000 0102000 0010300 0001020 0000107 0000009 8000001 0800000 090
0000011 3000001 0900000 0990000 0095000 0008600 0001190 0000104 0000008 4000001 0500000 116
0000010 4000001 1700000 0840000 0104000 0011000 0000990 0000088 0000009 4000000 9000000 074
0000009 4000000 9000000 1010000 0085000 0009000 0001030 0000084 0000009 7000001 0500000 107
0000010 2000000 9500000 0910000 0088000 0010600 0001200 0000100 0000010 3000001 0100000 083
0000008 5000001 0900000 0760000 0097000 0011000 0000990 0000100 0000010 6000001 1600000 096
0000012 5000001 1500000 0980000 0092000 0010900 0000850 0000112 0000010 5000000 9900000 093
0000009 2000000 9900000 1080000 0095000 0010600 0001030 0000104 0000010 6000001 0600000 102
0000010 1000001 1000000 0990000 0106000 0008000 0000840 0000096 0000010 3000001 0500000 098
0000010 8000001 1100000 0940000 0125000 0012400 0001000 0000093 0000010 7000001 0200000 108
0000012 4000000 9300000 1040000 0104000 0011200 0001120 0000103 0000010 5000001 0500000 102
0000009 5000001 0200000 0830000 0098000 0009700 0001100 0000102 0000009 6000000 9700000 096
0000009 3000000 9500000 1090000 0089000 0007100 0000740 0000095 0000010 8000000 9500000 101
0000010 9000001 0800000 1050000 0100000 0008300 0000880 0000081 0000008 8000001 0600000 076
0000010 4000000 8700000 1040000 0106000 0011600 0001060 0000114 0000008 4000000 9000000 096
0000009 8000001 0500000 0940000 0092000 0010100 0000910 0000101 0000008 8000001 0200000 094
0000011 2000000 8600000 0940000 0093000 0008600 0000890 0000086 0000009 9000000 9200000 090
0000009 4000000 8500000 0880000 0088000 0009200 0000890 0000081 0000010 5000000 9000000 074
0000010 5000001 0300000 0970000 0095000 0009400 0001030 0000101 0000008 6000001 1700000 089
0000009 0000000 9800000 0840000 0068000 0010600 0001080 0000079 0000008 4000000 9200000 082
0000009 0000000 9800000 0910000 0088000 0008900 0000840 0000085 0000010 0000000 9200000 083
0000008 7000000 9400000 1010000 0083000 0008600 0001060 0000089 0000007 9000001 1200000 074
0000008 5000000 7600000 0970000 0091000 0009600 0000940 0000091 0000007 6000000 9700000 120
0000009 7000000 9200000 0880000 0080000 0008900 0001030 0000083 0000009 4000001 0900000 092
0000011 0000000 9200000 0960000 0094000 0007700 0000910 0000103 0000008 3000000 9900000 080
0000008 0000000 9300000 1060000 0082000 0008600 0001000 0000086 0000008 3000000 8000000 081
0000008 0000000 9900000 0970000 0107000 0009200 0000940 0000111 0000008 5000000 8800000 101
0000008 5000000 9800000 0960000 0088000 0009500 0000910 0000095 0000009 7000000 8400000 112
0000007 8000000 9500000 0830000 0089000 0008800 0000730 0000095 0000009 6000000 7800000 097
0000009 7000000 8600000 1150000 0093000 0007400 0001040 0000106 0000007 4000000 7900000 095
0000009 8000000 8100000 0800000 0073000 0010000 0000840 0000083 0000008 5000000 9900000 088
0000010 0000001 0300000 0900000 0091000 0008300 0000890 0000089 0000007 0000000 8100000 094
0000008 2000000 8100000 0880000 0088000 0009600 0000800 0000102 0000007 7000000 9700000 111
0000010 6000000 8400000 0950000 0086000 0010000 0000940 0000080 0000008 6000000 7200000 074
0000009 9000000 8200000 0780000 0094000 0007700 0000810 0000085 0000009 5000000 7800000 102
0000008 6000000 9100000 0830000 0070000 0008400 0000660 0000092 0000007 7000000 6900000 091
0000008 5000000 8200000 0950000 0086000 0011300 0000920 0000082 0000009 0000000 7900000 092
0000008 6000000 8600000 0980000 0078000 0008200 0000890 0000097 0000009 5000000 9400000 082
0000010 8000000 8900000 0730000 0092000 0009900 0000930 0000095 0000008 0000000 9300000 092
0000010 0000001 0400000 0990000 0108000 0009600 0001080 0000120 0000011 1000001 3900000 145
0000014 8000001 3400000 1290000 0126000 0010400 0001330 0000086 0000010 0000000 9000000 091
0000008 2000000 9100000 0880000 0122000 0010000 0000860 0000105 0000007 2000000 8700000 079
0000007 8000000 8900000 0790000 0086000 0007100 0000960 0000081 0000007 8000000 8600000 071
0000008 9000000 8100000 0860000 0084000 0009400 0000840 0000090 0000009 3000000 8400000 090
0000008 7000000 8000000 0820000 0072000 0008100 0000970 0000076 0000006 2000000 7600000 074
0000007 9000000 9000000 0710000 0043000 0006600 0000820 0000072 0000008 3000000 7400000 075
0000009 2000000 6100000 0860000 0071000 0007300 0000830 0000078 0000007 4000000 8200000 091
0000009 2000000 9000000 1040000 0103000 0009000 0000790 0000097 0000009 5000000 9400000 077
0000008 4000001 1700000 0870000 0076000 0008000 0000710 0000067 0000006 3000000 6100000 065
0000005 6000000 7100000 0720000 0068000 0007400 0000610 0000084 0000008 2000000 7100000 072
0000007 0000000 7000000 0750000 0072000 0006800 0000750 0000071 0000007 3000000 7200000 083
0000006 8000000 7200000 0600000 0078000 0005600 0000780 0000075 0000007 8000000 6700000 079
0000005 9000000 8500000 0640000 0077000 0007900 0000770 0000064 0000005 9000000 5800000 088
0000005 9000000 6500000 0850000 0081000 0004600 0000800 0000069 0000005 6000000 6900000 074
0000007 9000000 8500000 0620000 0079000 0006600 0000850 0000074 0000006 3000000 7100000 056
0000007 9000000 6200000 0750000 0065000 0007400 0000770 0000080 0000005 9000000 6300000 065
0000006 1000000 7600000 0610000 0076000 0006000 0000520 0000069 0000006 4000000 6900000 077
0000006 1000000 6300000 0700000 0073000 0006100 0000800 0000064 0000008 7000000 6500000 061
0000006 8000000 7400000 0650000 0069000 0007100 0000770 0000084 0000008 3000000 8400000 064
0000007 0000000 5900000 0580000 0064000 0006400 0000570 0000074 0000005 9000000 7600000 072
0000007 0000000 7600000 0820000 0085000 0008200 0001160 0000112 0000011 0000001 2600000 107
0000012 5000000 9800000 0950000 0094000 0008000 0000720 0000079 0000005 5000000 8400000 068
0000005 3000000 7900000 0560000 0073000 0006900 0000650 0000068 0000005 7000000 6500000 058
0000006 1000000 6200000 0700000 0060000 0006500 0000670 0000068 0000006 3000000 6500000 066
0000006 2000000 6500000 0530000 0058000 0007000 0000790 0000055 0000006 7000000 8400000 069
0000006 4000000 5500000 0610000 0070000 0006500 0000550 0000073 0000006 3000000 6500000 069
0000005 7000000 6300000 0700000 0070000 0007000 0000660 0000069 0000006 8000000 5600000 070
0000006 6000000 5300000 0870000 0074000 0005700 0000600 0000061 0000007 5000000 6200000 066
0000007 1000000 5900000 0780000 0066000 0005400 0000640 0000072 0000007 6000000 5500000 061
0000005 6000000 6400000 0700000 0061000 0006800 0000630 0000069 0000006 6000000 6400000 050
0000007 2000000 7100000 0620000 0077000 0006400 0000600 0000070 0000006 4000000 5500000 065
0000008 0000000 6600000 0490000 0062000 0006800 0000630 0000061 0000006 6000000 7100000 061
0000006 2000000 6100000 0680000 0054000 0006100 0000740 0000068 0000005 8000000 5300000 059
0000005 0000000 6500000 0680000 0073000 0005500 0000680 0000065 0000006 9000000 7500000 057
0000003 7000000 7700000 0720000 0080000 0005000 0000630 0000067 0000005 4000000 7300000 063
0000006 0000000 6200000 0690000 0065000 0006000 0000550 0000059 0000006 7000000 5700000 059
0000005 9000000 6100000 0630000 0046000 0005900 0000660 0000059 0000006 2000000 6500000 053
0000007 4000000 5600000 0610000 0066000 0006500 0000650 0000049 0000006 7000000 6600000 067
0000006 3000000 5900000 0600000 0068000 0006300 0000400 0000048 0000005 2000000 6700000 056
0000006 2000000 4600000 0640000 0071000 0006100 0000520 0000072 0000006 4000000 7000000 047
0000005 8000000 4500000 0650000 0065000 0006500 0000710 0000064 0000005 9000000 6200000 067
0000007 3000000 6000000 0600000 0057000 0006200 0000670 0000060 0000007 3000000 6600000 065
0000005 1000000 5300000 0670000 0057000 0005800 0000500 0000058 0000007 3000000 5800000 063
0000005 9000000 6300000 0630000 0054000 0006100 0000530 0000058 0000006 3000000 6400000 057
0000005 2000000 5900000 0710000 0063000 0007000 0000760 0000064 0000006 1000000 6200000 069
0000005 8000000 6400000 0510000 0059000 0006300 0000580 0000048 0000005 8000000 5500000 051
0000005 9000000 5400000 0500000 0053000 0005700 0000670 0000057 0000005 6000000 5400000 058
0000005 1000000 5400000 0670000 0079000 0006700 0000500 0000053 0000006 3000000 5700000 070
0000004 9000000 5800000 0650000 0057000 0006700 0000510 0000054 0000004 9000000 5000000 071
0000005 2000000 5300000 0570000 0064000 0008300 0000690 0000069 0000005 6000000 4600000 066
0000005 7000000 5500000 0760000 0063000 0006700 0000580 0000047 0000005 4000000 5800000 065
0000004 9000000 5900000 0620000 0065000 0005200 0000550 0000058 0000006 6000000 6700000 068
0000007 0000000 6200000 0640000 0057000 0006000 0000480 0000063 0000006 3000000 5700000 064
0000006 9000000 6100000 0610000 0067000 0006300 0000620 0000053 0000005 7000000 6700000 075
0000005 6000000 7100000 0650000 0058000 0006000 0000630 0000058 0000005 6000000 7500000 061
0000004 9000000 5800000 0470000 0064000 0005300 0000540 0000057 0000005 9000000 6300000 066
0000006 3000000 7100000 0460000 0054000 0004600 0000510 0000065 0000004 7000000 4400000 054
0000005 1000000 7200000 0540000 0048000 0005200 0000570 0000042 0000006 1000000 5400000 060
0000005 7000000 5500000 0500000 0062000 0006100 0000400 0000065 0000005 4000000 5200000 055
0000005 0000000 4400000 0530000 0050000 0006400 0000470 0000060 0000004 9000000 5700000 059
0000006 6000000 5800000 0600000 0048000 0004600 0000530 0000060 0000005 9000000 4300000 061
0000004 6000000 5100000 0710000 0051000 0004400 0000510 0000058 0000005 8000000 4600000 049
0000006 0000000 5600000 0730000 0044000 0005700 0000520 0000063 0000006 0000000 7000000 073
0000006 8000000 7500000 0730000 0075000 0007300 0000460 0000071 0000006 6000000 6900000 060
0000006 4000000 5300000 0560000 0051000 0006500 0000580 0000051 0000005 2000000 6100000 056
0000004 9000000 5500000 0700000 0054000 0005100 0000650 0000053 0000005 5000000 6700000 050
0000004 7000000 4300000 0750000 0070000 0006700 0000610 0000048 0000006 5000000 5800000 071
0000007 5000000 7400000 0730000 0086000 0007700 0000580 0000061 0000006 6000000 5500000 073
0000005 9000000 6000000 0530000 0068000 0007800 0000700 0000078 0000006 7000000 9000000 052
0000007 2000000 6700000 0650000 0054000 0006200 0000550 0000047 0000005 7000000 5500000 046
0000006 2000000 6100000 0550000 0051000 0006000 0000690 0000058 0000008 2000000 5300000 061
0000005 2000000 5400000 0490000 0053000 0006500 0000450 0000057 0000004 4000000 5400000 062
0000004 6000000 5400000 0630000 0057000 0005800 0000720 0000053 0000005 4000000 5200000 063
0000006 3000000 6000000 0520000 0040000 0006000 0000480 0000054 0000006 6000000 5000000 052
0000005 6000000 4800000 0460000 0048000 0005500 0000550 0000046 0000004 2000000 5300000 061
0000006 7000000 6600000 0540000 0054000 0005800 0000590 0000063 0000006 4000000 5100000 061
0000005 3000000 5900000 0550000 0049000 0005200 0000620 0000060 0000005 4000000 5300000 054
0000004 8000000 4600000 0540000 0045000 0005700 0000470 0000062 0000005 0000000 6900000 042
0000004 9000000 5600000 0580000 0067000 0005900 0000480 0000048 0000005 5000000 5200000 054
0000005 0000000 6000000 0500000 0054000 0004100 0000620 0000052 0000004 9000000 5600000 046
0000005 6000000 4600000 0530000 0061000 0006100 0000670 0000054 0000005 1000000 5600000 056
0000005 5000000 5400000 0540000 0055000 0005400 0000510 0000060 0000005 8000000 6900000 070
0000005 9000000 5800000 0600000 0054000 0005800 0000630 0000048 0000005 2000000 5100000 047
0000005 2000000 4500000 0750000 0050000 0006600 0000470 0000055 0000005 1000000 5000000 053
0000005 5000000 6300000 0470000 0062000 0006800 0000590 0000064 0000007 5000000 8700000 085
0000006 1000000 6500000 0670000 0074000 0007200 0000630 0000048 0000005 1000000 5700000 067
0000006 0000000 6200000 0410000 0054000 0004900 0000520 0000052 0000005 2000000 6400000 055
0000005 7000000 5400000 0580000 0065000 0006500 0000620 0000057 0000005 7000000 6100000 070
0000007 5000000 7900000 0750000 0060000 0008400 0000980 0000079 0000008 0000000 6800000 060
0000007 8000000 8900000 0880000 0130000 0013900 0002000 0000182 0000022 4000002 5300000 223
0000021 1000002 0500000 1490000 0112000 0008900 0000900 0000080 0000006 0000000 5000000 056
0000005 9000000 5500000 0390000 0050000 0006400 0000550 0000050 0000006 7000000 4300000 053
0000006 9000000 6400000 0610000 0054000 0005500 0000530 0000058 0000005 2000000 4800000 043
0000004 5000000 5400000 0490000 0053000 0005700 0000710 0000056 0000006 5000000 5800000 050
0000004 7000000 4400000 0590000 0046000 0005200 0000400 0000041 0000005 6000000 5100000 063
0000005 0000000 5400000 0600000 0039000 0004900 0000680 0000052 0000006 2000000 5400000 061
0000006 7000000 5700000 0610000 0051000 0005500 0000590 0000044 0000006 4000000 5000000 045
0000004 6000000 3800000 0430000 0055000 0004600 0000580 0000054 0000004 6000000 5300000 042
0000005 1000000 5000000 0590000 0058000 0005800 0000550 0000041 0000005 9000000 6100000 049
0000006 8000000 6300000 0500000 0066000 0004600 0000540 0000057 0000004 5000000 6000000 058
0000004 9000000 4700000 0730000 0067000 0004900 0000530 0000051 0000006 4000000 6600000 062
0000009 7000001 1800000 1240000 0193000 0023700 0003010 0000379 0000051 1000005 8100000 668
0000067 2000006 6900000 5900000 0514000 0038200 0002410 0000189 0000012 8000000 9400000 075
0000006 1000000 5800000 0480000 0066000 0004700 0000490 0000061 0000005 3000000 5200000 038
0000005 8000000 6700000 0560000 0056000 0004900 0000400 0000057 0000005 3000000 5300000 045
0000005 8000000 4700000 0430000 0060000 0005600 0000660 0000063 0000006 1000000 5200000 057
0000005 6000000 6100000 0570000 0052000 0005400 0000490 0000063 0000005 7000000 5700000 040
0000004 8000000 5500000 0470000 0051000 0004700 0000560 0000059 0000005 1000000 5900000 045
0000004 4000000 5900000 0460000 0053000 0005800 0000630 0000055 0000004 7000000 6000000 051
0000005 4000000 5700000 0550000 0048000 0005400 0000580 0000061 0000007 1000000 6300000 059
0000005 6000000 6900000 0720000 0065000 0006700 0000590 0000050 0000005 6000000 6000000 052
0000005 1000000 7200000 0570000 0066000 0005400 0000660 0000066 0000008 3000000 9100000 120
0000013 1000001 4600000 1590000 0184000 0015500 0001290 0000129 0000010 3000000 9800000 077
0000006 6000000 5800000 0670000 0051000 0004500 0000530 0000047 0000005 8000000 5200000 044
0000005 1000000 5500000 0320000 0064000 0004500 0000650 0000066 0000004 5000000 3900000 049
0000006 0000000 5400000 0500000 0040000 0005200 0000440 0000061 0000004 7000000 5100000 070
0000005 6000000 5400000 0550000 0043000 0004700 0000470 0000060 0000005 8000000 5700000 044
0000005 1000000 4200000 0510000 0041000 0005500 0000490 0000049 0000005 3000000 5100000 052
0000005 5000000 5300000 0430000 0042000 0005000 0000350 0000031 0000004 6000000 4000000 033
0000003 8000000 3700000 0320000 0047000 0003300 0000490 0000028 0000004 2000000 4300000 039
0000004 7000000 2400000 0340000 0038000 0004200 0000350 0000035 0000004 6000000 3200000 040
0000003 7000000 3300000 0350000 0031000 0003000 0000410 0000038 0000004 0000000 3300000 045
0000006 0000000 5100000 0580000 0052000 0005400 0000590 0000041 0000005 1000000 4100000 039
0000004 2000000 4000000 0460000 0041000 0003600 0000330 0000044 0000004 1000000 4900000 030
0000003 9000000 4400000 0280000 0029000 0003000 0000370 0000039 0000003 4000000 3600000 035
0000003 2000000 2900000 0340000 0047000 0002900 0000320 0000033 0000004 3000000 2700000 035
0000003 5000000 3200000 0360000 0032000 0003900 0000380 0000038 0000003 2000000 2900000 033
0000003 6000000 2500000 0350000 0031000 0003300 0000450 0000027 0000003 7000000 3600000 039
0000003 2000000 4200000 0380000 0042000 0002900 0000350 0000028 0000003 4000000 3600000 039
0000004 1000000 3000000 0420000 0039000 0003600 0000390 0000038 0000004 0000000 3200000 028
0000004 1000000 3500000 0270000 0038000 0002500 0000370 0000032 0000003 6000000 4100000 043
0000002 6000000 3600000 0410000 0030000 0004400 0000260 0000034 0000003 0000000 3200000 039
0000004 4000000 4100000 0390000 0041000 0004200 0000410 0000035 0000003 5000000 3300000 036
0000003 0000000 3300000 0350000 0038000 0003000 0000310 0000031 0000003 3000000 2600000 027
0000002 8000000 2900000 0320000 0031000 0002200 0000210 0000031 0000003 7000000 2500000 032
0000003 8000000 3700000 0440000 0045000 0003400 0000310 0000050 0000003 1000000 3600000 034
0000003 2000000 4700000 0270000 0038000 0002700 0000420 0000037 0000002 3000000 2800000 025
0000003 0000000 3800000 0290000 0036000 0003100 0000230 0000031 0000002 5000000 3000000 029
0000002 4000000 1900000 0370000 0031000 0003700 0000340 0000028 0000003 2000000 2900000 027
0000002 7000000 2900000 0260000 0015000 0002800 0000190 0000034 0000002 2000000 1500000 034
0000003 0000000 4200000 0310000 0024000 0003100 0000310 0000032 0000003 4000000 2300000 026
0000003 6000000 2800000 0260000 0032000 0002300 0000180 0000021 0000003 0000000 1700000 026
0000002 1000000 2200000 0230000 0038000 0002900 0000280 0000027 0000002 0000000 3100000 025
0000003 1000000 2800000 0180000 0023000 0002700 0000240 0000031 0000002 8000000 2700000 027
0000002 5000000 2500000 0180000 0022000 0001400 0000210 0000027 0000002 5000000 2700000 036
0000003 0000000 1600000 0430000 0032000 0002900 0000280 0000038 0000004 5000000 3700000 022
0000003 0000000 4000000 0360000 0040000 0004000 0000260 0000026 0000002 3000000 2900000 022
0000003 4000000 2800000 0290000 0019000 0002100 0000190 0000026 0000002 1000000 2900000 025
0000002 3000000 3700000 0250000 0030000 0002600 0000230 0000022 0000002 5000000 2200000 019
0000003 3000000 2000000 0280000 0023000 0003100 0000280 0000023 0000002 3000000 1400000 024
0000003 1000000 2100000 0270000 0023000 0002500 0000230 0000029 0000003 4000000 2900000 025
0000003 0000000 2800000 0260000 0022000 0002400 0000260 0000018 0000001 7000000 2400000 027
0000002 6000000 2900000 0120000 0026000 0002100 0000280 0000018 0000002 3000000 1700000 028
0000002 1000000 2200000 0210000 0029000 0001400 0000290 0000030 0000002 1000000 2300000 029
0000002 2000000 2300000 0230000 0033000 0002700 0000190 0000020 0000001 3000000 2000000 015
0000002 8000000 2000000 0150000 0028000 0002500 0000160 0000020 0000002 1000000 1600000 023
0000002 8000000 1700000 0190000 0020000 0002000 0000250 0000026 0000002 8000000 1600000 020
0000001 6000000 2100000 0190000 0018000 0002700 0000260 0000027 0000002 4000000 2900000 022
0000002 0000000 2600000 0240000 0030000 0002600 0000280 0000025 0000002 3000000 3100000 034
0000002 5000000 2000000 0270000 0014000 0002500 0000190 0000026 0000002 1000000 1400000 024
0000002 0000000 1800000 0250000 0022000 0002900 0000380 0000041 0000004 0000000 4900000 064
0000004 2000000 4600000 0450000 0057000 0003700 0000370 0000029 0000003 4000000 3200000 029
0000003 7000000 3500000 0380000 0045000 0005400 0000340 0000042 0000004 8000000 3000000 043
0000002 6000000 3600000 0190000 0027000 0002600 0000240 0000035 0000001 9000000 1800000 019
0000002 5000000 2900000 0270000 0021000 0003500 0000400 0000035 0000003 3000000 2700000 014
0000003 4000000 1600000 0130000 0026000 0001500 0000220 0000027 0000002 3000000 1800000 010
0000002 2000000 1800000 0330000 0020000 0001600 0000180 0000016 0000001 3000000 1400000 022
0000003 1000000 1700000 0120000 0019000 0001500 0000190 0000033 0000002 0000000 1500000 015
0000001 4000000 1000000 0140000 0014000 0001400 0000190 0000015 0000001 5000000 1600000 013
0000001 9000000 0900000 0170000 0019000 0001900 0000180 0000016 0000001 5000000 1600000 020
0000001 3000000 3300000 0270000 0022000 0002500 0000210 0000021 0000003 0000000 1700000 018
0000001 4000000 1900000 0150000 0016000 0001200 0000160 0000018 0000001 9000000 1200000 020
0000001 6000000 1600000 0170000 0015000 0001300 0000200 0000013 0000001 7000000 1500000 024
0000001 2000000 1200000 0120000 0017000 0002500 0000230 0000017 0000000 8000000 2200000 018
0000001 5000000 1200000 0160000 0017000 0001700 0000140 0000014 0000001 9000000 1900000 019
0000001 4000000 1400000 0140000 0010000 0001700 0000100 0000018 0000001 6000000 1900000 009
0000001 9000000 1800000 0170000 0016000 0001500 0000230 0000023 0000002 6000000 2700000 024
0000003 6000000 3000000 0230000 0018000 0002300 0000250 0000016 0000001 3000000 2400000 012
0000001 1000000 1300000 0140000 0020000 0001700 0000170 0000015 0000001 5000000 2100000 017
0000001 9000000 1500000 0210000 0011000 0002000 0000090 0000009 0000000 9000000 1600000 016
0000002 0000000 2000000 0140000 0012000 0000700 0000150 0000018 0000001 5000000 1100000 017
0000001 3000000 1000000 0190000 0024000 0001100 0000140 0000024 0000002 6000000 2100000 026
0000003 0000000 2400000 0280000 0024000 0003500 0000260 0000033 0000003 7000000 2200000 026
0000002 0000000 1800000 0180000 0024000 0002200 0000160 0000032 0000003 4000000 2900000 025
0000003 1000000 3600000 0450000 0040000 0004200 0000300 0000043 0000004 3000000 4600000 039
0000004 3000000 2400000 0350000 0035000 0002200 0000210 0000015 0000001 7000000 1300000 018
0000001 4000000 1900000 0120000 0018000 0002100 0000170 0000018 0000001 6000000 1300000 014
0000001 4000000 1300000 0220000 0009000 0001400 0000120 0000015 0000001 4000000 1100000 013
0000001 7000000 1700000 0110000 0009000 0002200 0000270 0000009 0000001 4000000 2100000 010
0000001 6000000 1000000 0190000 0014000 0001600 0000200 0000016 0000001 3000000 0800000 017
0000000 9000000 1700000 0140000 0021000 0000600 0000170 0000013 0000001 5000000 1100000 011
0000001 1000000 1100000 0100000 0015000 0001400 0000130 0000013 0000001 2000000 1500000 013
0000001 2000000 1600000 0070000 0015000 0001400 0000210 0000010 0000001 1000000 2100000 009
0000001 4000000 1500000 0170000 0017000 0001100 0000160 0000016 0000001 6000000 2000000 015
0000002 2000000 2200000 0280000 0040000 0004500 0000360 0000057 0000005 1000000 7000000 060
0000004 3000000 4600000 0440000 0038000 0003500 0000190 0000017 0000002 1000000 2100000 015
0000002 5000000 1900000 0160000 0015000 0001500 0000120 0000014 0000001 8000000 1500000 019
0000002 1000000 1000000 0150000 0009000 0001200 0000110 0000006 0000001 8000000 1600000 018
0000000 9000000 1300000 0110000 0019000 0001100 0000060 0000020 0000001 7000000 1500000 013
0000000 7000000 1100000 0080000 0017000 0001400 0000070 0000007 0000001 6000000 0800000 014
0000000 8000000 1800000 0080000 0009000 0001300 0000140 0000011 0000000 8000000 1700000 008
0000001 2000000 0900000 0140000 0014000 0001300 0000130 0000009 0000001 3000000 1000000 013
0000001 7000000 0500000 0070000 0016000 0001100 0000110 0000011 0000001 4000000 1500000 011
0000001 3000000 1500000 0110000 0011000 0001400 0000170 0000015 0000001 4000000 0700000 014
0000001 3000000 0900000 0140000 0011000 0001200 0000120 0000022 0000001 9000000 1700000 017
0000001 7000000 0900000 0090000 0015000 0001300 0000130 0000013 0000001 1000000 1000000 007
0000001 5000000 1900000 0210000 0013000 0001000 0000160 0000017 0000001 9000000 2200000 017
0000001 8000000 0600000 0110000 0019000 0001500 0000080 0000016 0000001 3000000 1200000 015
0000000 9000000 2000000 0140000 0012000 0002200 0000140 0000011 0000001 3000000 1000000 008
0000001 3000000 1300000 0070000 0016000 0001200 0000180 0000017 0000001 1000000 1200000 008
0000000 7000000 1100000 0130000 0014000 0001500 0000160 0000010 0000001 9000000 1400000 013
0000001 7000000 1200000 0130000 0014000 0001000 0000150 0000009 0000001 2000000 1100000 015
0000001 5000000 1800000 0140000 0013000 0001800 0000190 0000021 0000001 5000000 1500000 013
0000001 6000000 1400000 0170000 0014000 0001300 0000070 0000016 0000001 1000000 1100000 012
0000001 5000000 1800000 0170000 0016000 0001100 0000130 0000010 0000001 8000000 1100000 015
0000002 1000000 1600000 0180000 0012000 0001100 0000110 0000014 0000001 8000000 1600000 008
0000001 2000000 0700000 0120000 0018000 0001200 0000130 0000016 0000000 9000000 1300000 015
0000001 3000000 0900000 0160000 0020000 0001100 0000130 0000015 0000001 6000000 0900000 006
0000001 7000000 1300000 0140000 0018000 0000600 0000080 0000010 0000000 8000000 1000000 013
0000001 3000000 1700000 0130000 0007000 0001600 0000150 0000018 0000002 0000000 2200000 016
0000001 5000000 2000000 0180000 0012000 0002500 0000130 0000017 0000001 6000000 1600000 016
0000001 7000000 1700000 0100000 0010000 0001900 0000140 0000021 0000002 1000000 2000000 028
0000002 8000000 4900000 0880000 0085000 0016300 0002330 0000299 0000042 6000005 7200000 719
0000083 5000010 0200001 1100000 1140000 0105000 0009730 0000894 0000074 5000005 3100000 396
0000024 1000001 5600000 0840000 0061000 0001900 0000220 0000018 0000001 0000000 0800000 015
0000001 5000000 0500000 0060000 0010000 0001300 0000100 0000009 0000001 1000000 1500000 012
0000001 2000000 1000000 0040000 0005000 0001200 0000090 0000007 0000001 1000000 1000000 012
0000001 3000000 0800000 0090000 0013000 0000600 0000080 0000014 0000000 9000000 1100000 009
0000001 2000000 0900000 0090000 0007000 0001000 0000060 0000007 0000000 7000000 1100000 006
0000000 5000000 0400000 0120000 0016000 0000700 0000130 0000014 0000001 7000000 1000000 006
0000001 0000000 0700000 0080000 0006000 0000500 0000090 0000010 0000000 6000000 1400000 005
0000001 0000000 0800000 0120000 0009000 0001000 0000120 0000006 0000000 4000000 0900000 010
0000000 2000000 1300000 0050000 0008000 0001100 0000090 0000006 0000000 9000000 0700000 007
0000000 9000000 0700000 0140000 0009000 0000900 0000130 0000010 0000000 7000000 0700000 008
0000000 9000000 1100000 0080000 0009000 0000800 0000110 0000008 0000000 6000000 0700000 016
0000000 7000000 0500000 0050000 0008000 0000500 0000080 0000008 0000000 9000000 0900000 005
0000000 7000000 0800000 0070000 0008000 0001500 0000060 0000010 0000000 4000000 0700000 007
0000000 6000000 0700000 0090000 0008000 0000800 0000090 0000009 0000001 1000000 0800000 008
0000000 6000000 0500000 0060000 0005000 0000400 0000060 0000008 0000000 8000000 0500000 007
0000001 2000000 0600000 0050000 0007000 0000900 0000080 0000005 0000000 5000000 1000000 012
0000000 7000000 0600000 0070000 0015000 0000400 0000060 0000006 0000000 9000000 0800000 008
0000000 7000000 1100000 0100000 0006000 0000600 0000120 0000010 0000000 7000000 0100000 006
0000000 8000000 0400000 0050000 0006000 0001100 0000100 0000003 0000000 9000000 1500000 005
0000000 6000000 1200000 0140000 0007000 0000800 0000130 0000010 0000000 2000000 1300000 011
0000001 1000000 0700000 0090000 0008000 0001300 0000080 0000007 0000000 7000000 1300000 005
0000001 1000000 1100000 0070000 0010000 0001100 0000050 0000015 0000000 7000000 0800000 016
0000001 4000000 0800000 0070000 0010000 0000400 0000090 0000005 0000000 6000000 1200000 010
0000001 0000000 0400000 0130000 0003000 0001000 0000100 0000013 0000000 5000000 0700000 005
0000000 7000000 0600000 0070000 0008000 0000500 0000130 0000005 0000001 1000000 1000000 009
0000000 6000000 0400000 0100000 0001000 0000700 0000090 0000005 0000000 2000000 1300000 009
0000000 7000000 0600000 0100000 0011000 0000700 0000080 0000005 0000001 0000000 0400000 011
0000000 7000000 0900000 0080000 0004000 0000500 0000060 0000008 0000000 5000000 1200000 008
0000001 2000000 1000000 0080000 0007000 0001100 0000090 0000009 0000000 8000000 1000000 007
0000000 7000000 0700000 0090000 0010000 0000400 0000110 0000013 0000000 9000000 1100000 007
0000000 7000000 0600000 0080000 0013000 0001000 0000120 0000011 0000000 8000000 1000000 008
0000001 3000000 0800000 0070000 0009000 0000500 0000110 0000006 0000001 3000000 1000000 006
0000001 0000000 0500000 0080000 0008000 0000200 0000050 0000004 0000000 5000000 0500000 006
0000001 2000000 0500000 0060000 0005000 0000800 0000060 0000007 0000000 7000000 0600000 010
0000001 2000000 0400000 0090000 0010000 0001500 0000070 0000004 0000000 5000000 1100000 006
0000001 1000000 0700000 0090000 0007000 0001000 0000120 0000004 0000001 0000000 0900000 005
0000000 5000000 0600000 0040000 0007000 0001000 0000080 0000012 0000000 7000000 0600000 011
0000000 8000000 0700000 0080000 0012000 0000300 0000090 0000007 0000000 6000000 0500000 005
0000000 6000000 0700000 0100000 0005000 0000200 0000060 0000003 0000000 7000000 0600000 003
0000001 0000000 0500000 0060000 0004000 0000600 0000100 0000011 0000000 7000000 0500000 012
0000001 1000000 0900000 0100000 0009000 0000600 0000080 0000007 0000000 7000000 0600000 009
0000000 8000000 0500000 0100000 0010000 0001100 0000070 0000008 0000001 1000000 0100000 009
0000000 9000000 1400000 0100000 0011000 0001000 0000110 0000006 0000000 9000000 0900000 001
0000001 0000000 1200000 0080000 0005000 0000600 0000080 0000007 0000000 5000000 0700000 005
0000000 7000000 1100000 0090000 0008000 0000300 0000060 0000006 0000000 4000000 0700000 006
0000000 5000000 0800000 0060000 0005000 0000600 0000060 0000009 0000000 8000000 1000000 010
0000000 8000000 0600000 0030000 0009000 0000400 0000080 0000013 0000000 6000000 0800000 007
0000000 7000000 0300000 0070000 0006000 0001500 0000060 0000009 0000000 9000000 0600000 007
0000000 9000000 0400000 0080000 0007000 0001000 0000060 0000008 0000000 7000000 0600000 006
0000000 4000000 1400000 0140000 0008000 0000700 0000150 0000006 0000000 5000000 0900000 008
0000000 9000000 0600000 0090000 0007000 0000800 0000090 0000010 0000000 5000000 0700000 008
0000000 4000000 0200000 0060000 0012000 0001200 0000050 0000003 0000000 3000000 0800000 010
0000000 4000000 0700000 0060000 0003000 0000700 0000050 0000002 0000000 9000000 0700000 002
0000000 7000000 1000000 0120000 0007000 0000800 0000020 0000007 0000000 4000000 1100000 004
0000000 5000000 1000000 0060000 0007000 0000400 0000070 0000006 0000001 0000000 0600000 006
0000000 6000000 0400000 0050000 0004000 0001100 0000040 0000005 0000000 4000000 0100000 009
0000000 9000000 0600000 0050000 0005000 0000500 0000090 0000007 0000000 6000000 0700000 007
0000000 4000000 0700000 0050000 0001000 0000200 0000080 0000002 0000000 5000000 0400000 006
0000000 6000000 0700000 0060000 0008000 0000500 0000070 0000007 0000000 6000000 0400000 008
0000000 5000000 0300000 0070000 0006000 0000400 0000080 0000011 0000000 8000000 1100000 008
0000000 7000000 0500000 0090000 0016000 0000700 0000070 0000012 0000001 4000000 1400000 012
0000001 3000000 1700000 0190000 0020000 0001100 0000100 0000012 0000001 2000000 1000000 007
0000001 0000000 1000000 0070000 0005000 0001100 0000160 0000011 0000000 4000000 1100000 012
0000001 4000000 0900000 0070000 0011000 0000600 0000110 0000011 0000000 8000000 1000000 016
0000001 2000000 0700000 0080000 0004000 0000200 0000040 0000004 0000001 0000000 1000000 007
0000000 5000000 0600000 0070000 0006000 0000600 0000100 0000010 0000001 2000000 0800000 006
0000000 8000000 0500000 0080000 0003000 0000400 0000090 0000003 0000000 3000000 0400000 007
0000000 5000000 0900000 0050000 0004000 0001000 0000070 0000012 0000000 8000000 0800000 014
0000000 3000000 1200000 0070000 0009000 0001000 0000090 0000009 0000000 4000000 0800000 006
0000000 8000000 1000000 0040000 0005000 0000200 0000050 0000006 0000000 9000000 0900000 009
0000000 6000000 0600000 0060000 0007000 0000800 0000050 0000008 0000000 7000000 1000000 011
0000000 9000000 0400000 0080000 0006000 0000700 0000060 0000006 0000001 0000000 0800000 009
0000000 9000000 0300000 0060000 0005000 0000300 0000080 0000010 0000000 4000000 0400000 003
0000000 8000000 0800000 0100000 0006000 0001500 0000050 0000005 0000001 0000000 0400000 004
0000000 7000000 0600000 0050000 0007000 0000800 0000050 0000006 0000000 6000000 0500000 008
0000000 5000000 1300000 0060000 0003000 0000500 0000110 0000006 0000000 3000000 0300000 006
0000000 5000000 0400000 0050000 0007000 0000900 0000080 0000003 0000000 6000000 0600000 014
0000001 3000000 1200000 0110000 0008000 0000700 0000080 0000005 0000001 0000000 0500000 002
0000000 9000000 0500000 0070000 0011000 0000600 0000070 0000009 0000000 7000000 0400000 008
0000000 7000000 0700000 0120000 0007000 0000700 0000120 0000008 0000000 3000000 0500000 006
0000001 4000000 0700000 0070000 0009000 0000700 0000080 0000007 0000000 9000000 0900000 005
0000000 4000000 0700000 0110000 0005000 0000500 0000050 0000007 0000000 6000000 0900000 010
0000000 6000000 0400000 0080000 0008000 0000300 0000040 0000003 0000000 6000000 0200000 002
0000000 5000000 0500000 0070000 0007000 0000600 0000070 0000005 0000000 3000000 1200000 006
0000000 5000000 0700000 0060000 0005000 0000800 0000050 0000007 0000000 7000000 0400000 006
0000000 6000000 0500000 0090000 0003000 0001400 0000030 0000009 0000000 4000000 0500000 004
0000000 4000000 0700000 0080000 0008000 0000400 0000060 0000003 0000000 6000000 0700000 005
0000000 7000000 0100000 0070000 0004000 0000600 0000120 0000011 0000001 0000000 1200000 007
0000000 6000000 0500000 0080000 0002000 0000700 0000090 0000007 0000000 4000000 0400000 005
0000000 3000000 0400000 0090000 0007000 0001200 0000050 0000002 0000000 7000000 0600000 012
0000000 5000000 0500000 0110000 0004000 0000600 0000030 0000006 0000000 6000000 0900000 010
0000000 2000000 0500000 0060000 0003000 0000600 0000040 0000007 0000000 8000000 0900000 004
0000000 5000000 0500000 0050000 0007000 0000600 0000100 0000009 0000000 7000000 0700000 004
0000000 3000000 0700000 0090000 0010000 0001200 0000110 0000007 0000000 8000000 0600000 009
0000001 2000000 0400000 0050000 0010000 0000500 0000070 0000007 0000000 7000000 0400000 011
0000000 5000000 1100000 0050000 0008000 0001100 0000110 0000008 0000000 5000000 0700000 013
0000000 7000000 0500000 0060000 0007000 0000500 0000070 0000009 0000000 6000000 0500000 005
0000001 0000000 0700000 0050000 0003000 0000500 0000060 0000008 0000000 5000000 0500000 011
0000001 1000000 1300000 0150000 0015000 0001100 0000180 0000017 0000002 4000000 1900000 025
0000001 6000000 1800000 0130000 0018000 0001600 0000080 0000020 0000001 4000000 1200000 003
0000000 9000000 0700000 0100000 0007000 0000700 0000080 0000006 0000001 2000000 0900000 005
0000000 6000000 0500000 0070000 0007000 0000800 0000080 0000008 0000001 0000000 0800000 008
0000000 5000000 0500000 0080000 0006000 0000600 0000020 0000005 0000000 6000000 0400000 011
0000000 5000000 0800000 0060000 0009000 0000300 0000100 0000004 0000000 8000000 0600000 003
0000000 9000000 0700000 0060000 0003000 0000400 0000120 0000005 0000000 1000000 0900000 005
0000001 0000000 0800000 0010000 0006000 0000800 0000060 0000005 0000000 3000000 1100000 006
0000000 4000000 0500000 0070000 0008000 0000600 0000090 0000006 0000000 6000000 0800000 007
0000000 5000000 1000000 0040000 0005000 0000500 0000090 0000004 0000000 3000000 0800000 006
0000001 1000000 0900000 0060000 0003000 0000800 0000040 0000012 0000001 2000000 0400000 005
0000000 6000000 0200000 0070000 0008000 0000400 0000080 0000008 0000000 3000000 0700000 010
0000000 2000000 0500000 0050000 0007000 0000800 0000080 0000003 0000000 6000000 0500000 005
0000001 1000000 1000000 0080000 0012000 0001100 0000050 0000006 0000000 5000000 0800000 005
0000000 9000000 0400000 0080000 0016000 0000700 0000060 0000006 0000000 3000000 0900000 007
0000000 7000000 1100000 0100000 0009000 0000700 0000050 0000005 0000000 5000000 0700000 002
0000000 8000000 0200000 0080000 0006000 0000800 0000080 0000009 0000000 7000000 0600000 005
0000000 8000000 0600000 0050000 0009000 0000700 0000050 0000009 0000000 6000000 0600000 008
0000000 5000000 0200000 0060000 0011000 0000400 0000060 0000008 0000000 6000000 1200000 005
0000000 8000000 0600000 0010000 0006000 0000400 0000070 0000002 0000000 6000000 0400000 005
0000000 2000000 1100000 0060000 0004000 0000600 0000050 0000006 0000000 7000000 1400000 005
0000000 6000000 0500000 0030000 0009000 0000600 0000090 0000010 0000000 4000000 0600000 009
0000000 7000000 0600000 0060000 0004000 0000600 0000070 0000003 0000000 7000000 1400000 013
0000001 3000000 0900000 0100000 0011000 0001600 0000140 0000010 0000001 7000000 1700000 011
0000000 9000000 0500000 0080000 0018000 0001100 0000080 0000010 0000000 7000000 0300000 006
0000000 8000000 1100000 0060000 0004000 0000600 0000090 0000004 0000001 0000000 0700000 008
0000000 7000000 0800000 0080000 0006000 0000300 0000050 0000004 0000000 6000000 0400000 009
0000000 3000000 0400000 0020000 0004000 0000400 0000050 0000009 0000000 6000000 0800000 003
0000000 4000000 0700000 0040000 0006000 0000300 0000050 0000006 0000000 8000000 0600000 004
0000000 8000000 0700000 0050000 0007000 0000800 0000060 0000000 0000000 4000000 0700000 005
0000000 4000000 0900000 0030000 0003000 0000500 0000050 0000001 0000000 4000000 0500000 005
0000000 4000000 0600000 0080000 0004000 0000800 0000090 0000003 0000000 9000000 0600000 004
0000000 4000000 0600000 0070000 0006000 0000600 0000090 0000005 0000000 3000000 0800000 004
0000000 5000000 0900000 0060000 0006000 0000800 0000080 0000005 0000000 7000000 0500000 003
0000000 3000000 0500000 0080000 0001000 0000200 0000060 0000004 0000000 7000000 0400000 003
0000000 8000000 0600000 0060000 0004000 0000200 0000040 0000006 0000000 4000000 0600000 002
0000000 2000000 0500000 0060000 0003000 0000400 0000030 0000010 0000000 2000000 0200000 010
0000000 6000000 0400000 0110000 0010000 0000300 0000030 0000007 0000000 5000000 0400000 006
0000000 5000000 0400000 0060000 0007000 0000900 0000050 0000007 0000000 5000000 0400000 004
0000000 6000000 0400000 0080000 0010000 0000500 0000040 0000005 0000000 5000000 0600000 002
0000000 4000000 0500000 0010000 0001000 0000800 0000070 0000003 0000000 6000000 0700000 006
0000000 8000000 0200000 0070000 0007000 0000500 0000090 0000008 0000000 1000000 0200000 005
0000000 4000000 0900000 0050000 0003000 0000500 0000030 0000006 0000000 7000000 0400000 005
0000000 7000000 0600000 0080000 0006000 0000800 0000050 0000005 0000000 5000000 0600000 006
0000000 4000000 0500000 0060000 0003000 0000500 0000030 0000006 0000000 5000000 0300000 002
0000000 2000000 0400000 0020000 0004000 0000600 0000040 0000003 0000000 6000000 0300000 011
0000000 8000000 0500000 0030000 0005000 0000600 0000050 0000001 0000000 7000000 0300000 004
0000000 6000000 0800000 0050000 0005000 0000600 0000010 0000004 0000000 8000000 0900000 003
0000000 6000000 0400000 0050000 0003000 0000800 0000050 0000005 0000000 4000000 0600000 006
0000000 7000000 0700000 0040000 0003000 0000600 0000090 0000005 0000000 1000000 0300000 005
0000000 3000000 0000000 0050000 0005000 0000700 0000080 0000004 0000000 5000000 0400000 007
0000000 3000000 0400000 0070000 0005000 0000700 0000010 0000007 0000000 6000000 0500000 002
0000000 6000000 0400000 0100000 0004000 0000400 0000070 0000003 0000000 6000000 0400000 005
0000000 5000000 0700000 0030000 0005000 0000500 0000040 0000007 0000000 3000000 0600000 011
0000000 1000000 0300000 0060000 0005000 0000500 0000070 0000004 0000000 8000000 0600000 001
0000000 7000000 0200000 0030000 0003000 0000400 0000050 0000004 0000000 6000000 0200000 003
0000000 6000000 0400000 0030000 0001000 0000400 0000080 0000004 0000000 4000000 0200000 004
0000000 5000000 0400000 0080000 0003000 0000500 0000030 0000010 0000000 6000000 0500000 004
0000000 3000000 0600000 0040000 0003000 0000200 0000040 0000005 0000000 3000000 0500000 005
0000000 5000000 0300000 0020000 0002000 0000700 0000040 0000002 0000000 3000000 0400000 004
0000000 4000000 0200000 0060000 0004000 0000300 0000080 0000007 0000000 5000000 0400000 003
0000000 3000000 1100000 0050000 0002000 0000300 0000020 0000003 0000000 7000000 0300000 003
0000000 5000000 0600000 0070000 0003000 0000200 0000060 0000004 0000000 6000000 0400000 001
0000000 4000000 0400000 0040000 0003000 0000200 0000030 0000002 0000000 5000000 0600000 005
0000000 4000000 0200000 0070000 0004000 0000700 0000020 0000004 0000000 4000000 0500000 004
0000000 6000000 0500000 0060000 0009000 0000500 0000060 0000005 0000000 2000000 0200000 002
0000000 3000000 0500000 0050000 0006000 0000300 0000050 0000003 0000000 3000000 0200000 006
0000000 3000000 0700000 0050000 0007000 0000500 0000050 0000006 0000000 8000000 0100000 006
0000000 1000000 0400000 0030000 0005000 0000100 0000040 0000003 0000000 7000000 0700000 006
0000000 3000000 0000000 0040000 0004000 0000500 0000010 0000006 0000000 4000000 0300000 004
0000000 4000000 0100000 0030000 0007000 0000400 0000040 0000005 0000000 5000000 0300000 006
0000000 2000000 0600000 0030000 0005000 0000100 0000050 0000004 0000000 8000000 0400000 003
0000000 1000000 0700000 0050000 0003000 0000400 0000060 0000005 0000000 3000000 0400000 006
0000000 4000000 0600000 0040000 0003000 0000200 0000030 0000005 0000000 4000000 0400000 006
0000000 2000000 0300000 0060000 0004000 0000800 0000060 0000004 0000000 4000000 0200000 003
0000000 6000000 0400000 0060000 0005000 0000700 0000070 0000004 0000000 2000000 0100000 004
0000000 5000000 0100000 0060000 0003000 0000300 0000040 0000005 0000000 2000000 0500000 008
0000000 2000000 0000000 0010000 0003000 0000400 0000040 0000004 0000000 4000000 0200000 004
0000000 5000000 0200000 0020000 0005000 0000300 0000050 0000003 0000000 2000000 0500000 004
0000000 4000000 0200000 0020000 0003000 0000800 0000000 0000005 0000000 5000000 0400000 006
0000000 4000000 0300000 0030000 0007000 0000100 0000040 0000002 0000000 2000000 0300000 002
0000000 1000000 0500000 0030000 0002000 0000500 0000020 0000007 0000000 8000000 0500000 003
0000000 4000000 0200000 0060000 0006000 0000300 0000040 0000003 0000000 4000000 0400000 003
0000000 5000000 0500000 0050000 0006000 0000100 0000040 0000007 0000000 6000000 0300000 002
0000000 5000000 0600000 0020000 0001000 0000300 0000050 0000005 0000000 7000000 0400000 001
0000000 2000000 0300000 0030000 0003000 0000300 0000020 0000005 0000000 5000000 0200000 003
0000000 3000000 0400000 0040000 0003000 0000600 0000040 0000005 0000000 2000000 0300000 004
0000000 7000000 0400000 0030000 0003000 0000400 0000050 0000004 0000000 5000000 0700000 001
0000000 5000000 0200000 0020000 0003000 0000400 0000040 0000008 0000000 3000000 0300000 005
0000000 2000000 0200000 0060000 0002000 0000200 0000060 0000002 0000000 2000000 0000000 003
0000000 4000000 0500000 0030000 0002000 0000300 0000020 0000007 0000000 4000000 0600000 003
0000000 4000000 0400000 0050000 0005000 0000400 0000070 0000003 0000000 5000000 0300000 001
0000000 1000000 0400000 0010000 0002000 0000200 0000050 0000007 0000000 2000000 0400000 005
0000000 6000000 0400000 0080000 0006000 0000200 0000050 0000003 0000000 6000000 0200000 002
0000000 5000000 0400000 0020000 0002000 0000200 0000060 0000002 0000000 1000000 0100000 003
0000000 5000000 0300000 0030000 0009000 0000600 0000050 0000003 0000000 4000000 0500000 005
0000000 6000000 0700000 0050000 0007000 0000300 0000010 0000004 0000000 3000000 0500000 001
0000000 3000000 0500000 0030000 0006000 0000200 0000030 0000005 0000000 6000000 0500000 001
0000000 0000000 0300000 0040000 0006000 0000200 0000070 0000003 0000000 5000000 0300000 004
0000000 2000000 0200000 0060000 0001000 0000300 0000020 0000003 0000000 9000000 0200000 007
0000000 4000000 0400000 0020000 0003000 0000200 0000050 0000003 0000000 4000000 0200000 003
0000000 2000000 0700000 0060000 0002000 0000300 0000030 0000004 0000000 2000000 0300000 004
0000000 3000000 0300000 0030000 0003000 0000400 0000030 0000006 0000000 1000000 0100000 005
0000000 4000000 0300000 0020000 0007000 0000400 0000050 0000002 0000000 7000000 0300000 007
0000000 7000000 0500000 0040000 0009000 0000500 0000050 0000005 0000000 5000000 0400000 007
0000000 3000000 0500000 0040000 0002000 0000200 0000020 0000000 0000000 1000000 0400000 005
0000000 3000000 0200000 0030000 0005000 0000200 0000050 0000002 0000000 0000000 0300000 003
0000000 2000000 0200000 0020000 0002000 0000200 0000030 0000003 0000000 5000000 0500000 003
0000000 3000000 0200000 0030000 0008000 0000300 0000060 0000005 0000000 2000000 0100000 005
0000000 5000000 0500000 0030000 0005000 0000300 0000050 0000002 0000000 2000000 0200000 004
0000000 5000000 0100000 0030000 0004000 0000800 0000020 0000004 0000000 4000000 0300000 003
0000000 0000000 0200000 0030000 0000000 0000000 0000050 0000005 0000000 4000000 0300000 007
0000000 2000000 0400000 0010000 0005000 0000500 0000080 0000004 0000000 6000000 0400000 003
0000000 5000000 0400000 0020000 0003000 0000200 0000040 0000002 0000000 1000000 0700000 007
0000000 6000000 0600000 0020000 0004000 0000500 0000080 0000009 0000000 6000000 0200000 005
0000000 1000000 0300000 0060000 0002000 0000800 0000050 0000003 0000000 2000000 0400000 002
0000000 2000000 0300000 0020000 0001000 0000300 0000040 0000003 0000000 0000000 0400000 004
0000000 2000000 0400000 0050000 0005000 0000300 0000040 0000002 0000000 4000000 0600000 004
0000000 0000000 0500000 0020000 0001000 0000300 0000040 0000006 0000000 2000000 0500000 005
0000000 4000000 0100000 0020000 0004000 0000600 0000060 0000005 0000000 2000000 0100000 004
0000000 3000000 0400000 0030000 0001000 0000400 0000040 0000003 0000000 5000000 0300000 004
0000000 6000000 0800000 0030000 0002000 0000600 0000050 0000004 0000000 2000000 0700000 005
0000000 6000000 0400000 0010000 0005000 0000500 0000050 0000002 0000000 6000000 0100000 003
0000000 3000000 0400000 0020000 0001000 0000200 0000010 0000004 0000000 2000000 0400000 004
0000000 6000000 0700000 0060000 0003000 0000600 0000080 0000006 0000001 1000000 0500000 015
0000001 0000000 1000000 0140000 0010000 0000700 0000070 0000009 0000000 9000000 0800000 008
0000000 6000000 0400000 0090000 0006000 0000200 0000090 0000002 0000000 2000000 0500000 001
0000000 4000000 0200000 0040000 0002000 0000700 0000040 0000001 0000000 4000000 0400000 000
0000000 7000000 0200000 0060000 0005000 0000300 0000040 0000002 0000000 2000000 0300000 001
0000000 2000000 0300000 0000000 0004000 0000500 0000020 0000001 0000000 7000000 0600000 001
0000000 4000000 0500000 0030000 0003000 0000400 0000010 0000001 0000000 1000000 0300000 004
0000000 1000000 0800000 0080000 0000000 0000300 0000020 0000000 0000000 2000000 0400000 001
0000000 3000000 0500000 0040000 0004000 0000300 0000030 0000004 0000000 4000000 0400000 004
0000000 3000000 0200000 0010000 0004000 0000200 0000030 0000002 0000000 2000000 0300000 002
0000000 4000000 0100000 0050000 0005000 0000300 0000040 0000002 0000000 2000000 0400000 004
0000000 4000000 0400000 0070000 0002000 0000600 0000060 0000002 0000000 7000000 0600000 001
0000000 4000000 0000000 0050000 0003000 0000200 0000020 0000001 0000000 2000000 0200000 003
0000000 5000000 0300000 0050000 0006000 0000400 0000090 0000005 0000000 6000000 0600000 014
0000001 0000000 1800000 0160000 0031000 0004000 0000270 0000039 0000004 0000000 4600000 068
0000005 9000000 5900000 0500000 0045000 0004200 0000270 0000022 0000002 1000000 1300000 012
0000000 7000000 0600000 0040000 0002000 0000000 0000020 0000002 0000000 5000000 0800000 001
0000000 5000000 0600000 0050000 0002000 0000400 0000010 0000000 0000000 3000000 0000000 005
0000000 2000000 0300000 0030000 0002000 0000200 0000030 0000002 0000000 4000000 0400000 003
0000000 3000000 0200000 0010000 0002000 0000200 0000030 0000001 0000000 4000000 0600000 003
0000000 3000000 0300000 0010000 0001000 0000600 0000020 0000005 0000000 1000000 0400000 003
0000000 1000000 0200000 0010000 0002000 0000000 0000020 0000004 0000000 5000000 0300000 002
0000000 4000000 0400000 0050000 0003000 0000100 0000030 0000003 0000000 1000000 0300000 001
0000000 4000000 0800000 0060000 0003000 0000300 0000010 0000001 0000000 3000000 0000000 003
0000000 5000000 0100000 0010000 0000000 0000200 0000010 0000002 0000000 3000000 0100000 006
0000000 0000000 0400000 0020000 0003000 0000200 0000010 0000004 0000000 2000000 0300000 002
0000000 3000000 0200000 0030000 0003000 0000400 0000030 0000004 0000000 6000000 0000000 002
0000000 1000000 0100000 0030000 0003000 0000200 0000010 0000004 0000000 3000000 0200000 003
0000000 2000000 0400000 0050000 0004000 0000200 0000020 0000003 0000000 3000000 0200000 003
0000000 2000000 0000000 0040000 0003000 0000700 0000040 0000001 0000000 2000000 0100000 004
0000000 3000000 0600000 0030000 0002000 0000400 0000030 0000003 0000000 0000000 0700000 001
0000000 2000000 0400000 0010000 0002000 0000300 0000020 0000003 0000000 3000000 0700000 002
0000000 2000000 0300000 0010000 0003000 0000200 0000010 0000002 0000000 2000000 0500000 005
0000000 1000000 0200000 0040000 0004000 0000100 0000030 0000001 0000000 3000000 0300000 008
0000000 5000000 0400000 0010000 0002000 0000500 0000030 0000004 0000000 6000000 0200000 001
0000000 1000000 0300000 0020000 0002000 0000200 0000030 0000004 0000000 1000000 0400000 005
0000000 0000000 0300000 0030000 0002000 0000300 0000030 0000002 0000000 5000000 0600000 003
0000000 6000000 0500000 0020000 0002000 0000500 0000020 0000002 0000000 5000000 0300000 004
0000000 5000000 0400000 0050000 0004000 0000200 0000010 0000004 0000000 4000000 0500000 002
0000000 1000000 0800000 0070000 0004000 0000200 0000080 0000005 0000000 4000000 0900000 007
0000000 9000000 1100000 0150000 0009000 0001000 0000120 0000017 0000001 5000000 1300000 012
0000000 9000000 1200000 0030000 0004000 0000600 0000040 0000003 0000000 3000000 0400000 006
0000000 1000000 0600000 0010000 0001000 0000400 0000020 0000004 0000000 1000000 0100000 001
0000000 2000000 0100000 0030000 0003000 0000800 0000030 0000004 0000000 5000000 0200000 000
0000000 3000000 0400000 0070000 0003000 0000300 0000020 0000003 0000000 1000000 0200000 004
0000000 6000000 0200000 0030000 0002000 0000100 0000040 0000002 0000000 2000000 0000000 005
0000000 4000000 0300000 0000000 0000000 0000100 0000000 0000003 0000000 3000000 0400000 003
0000000 0000000 0300000 0030000 0004000 0000100 0000020 0000006 0000000 6000000 0100000 000
0000000 1000000 0200000 0070000 0001000 0000400 0000060 0000001 0000000 4000000 0300000 003
0000000 3000000 0300000 0040000 0002000 0000200 0000010 0000005 0000000 2000000 0500000 002
0000000 2000000 0600000 0070000 0005000 0000300 0000050 0000000 0000000 0000000 0500000 003
0000000 2000000 0200000 0080000 0004000 0000200 0000040 0000000 0000000 4000000 0300000 002
0000000 5000000 0400000 0060000 0001000 0000300 0000050 0000003 0000000 2000000 0200000 003
0000000 1000000 0100000 0010000 0005000 0000300 0000030 0000002 0000000 1000000 0200000 006
0000000 1000000 0200000 0010000 0002000 0000300 0000000 0000002 0000000 2000000 0200000 000
0000000 0000000 0100000 0040000 0004000 0000500 0000010 0000001 0000000 2000000 0200000 001
0000000 3000000 0400000 0060000 0001000 0000200 0000000 0000003 0000000 2000000 0400000 004
0000000 2000000 0300000 0030000 0001000 0000300 0000010 0000000 0000000 4000000 0200000 001
0000000 2000000 0400000 0020000 0006000 0000400 0000040 0000003 0000000 2000000 0200000 003
0000000 1000000 0400000 0040000 0004000 0000500 0000020 0000005 0000000 2000000 0600000 004
0000000 5000000 0100000 0000000 0002000 0000100 0000030 0000003 0000000 5000000 0400000 001
0000000 3000000 0300000 0050000 0003000 0000100 0000040 0000004 0000000 3000000 0700000 001
0000000 5000000 0200000 0030000 0007000 0000300 0000060 0000005 0000000 6000000 1000000 008
0000000 5000000 0800000 0060000 0006000 0000600 0000030 0000005 0000000 7000000 0300000 002
0000000 1000000 0400000 0030000 0002000 0000400 0000010 0000004 0000000 7000000 0300000 000
0000000 2000000 00