0004444 0003001
00000062000000020000000000000000000000000000000300000000000000010000000000000000 
00000000000000000000000100000000000000000000000000000000000000000000000100000000 
00000001000000000000000100000000000000000000000000000000000000000000000000000000 
00000000000000000000000000000000000000000000000000000000000000000000000000000000 
00000000000000000000000000000001000000000000000100000000000000000000000000000000 
00000000000000000000000000000000000000000000000000000000000000000000000000000000 
00000000000000000000000000000000000000000000000000000000000000000000000000000000 
00000000000000000000000000000000000000000000000000000001000000000000000000000000 
00000000000000000000000000000000000000000000000000000000000000000000000000000000 
00000000000000000000000000000000000000000000000000000000000000000000000000000000 
00000000000000000000000000000000000000000000000000000000000000000000000000000000 
00000000000000000000000000000000000000000000000000000000000000000000000000000001 
00000000000000000000000000000000000000000000000000000000000000000000000000000000 
00000000000000000000000000000000000000000000000000000000000000000000000000000000 
00000000000000000000000000000001000000000000000000000000000000010000000000000000 
00000000000000000000000000000000000000010000000000000001000000000000000000000000 
00000000000000000000000000000000000000000000000000000000000000000000000000000000 
00000000000000000000000000000000000000000000000000000000000000000000000000000000 
00000000000000000000000100000000000000000000000000000000000000000000000100000003 
00000001000000000000000000000000000000000000000000000000000000000000000000000001 
00000001000000000000000000000001000000000000000000000000000000000000000000000002 
00000000000000000000000000000000000000000000000000000000000000020000000000000003 
00000000000000000000000000000001000000000000000000000000000000000000000100000000 
00000001000000000000000200000000000000000000000000000002000000000000000200000000 
00000001000000020000000100000002000000010000000000000002000000010000000100000000 
00000001000000010000000000000004000000050000000700000011000000160000002200000036 
00000033000000480000004000000054000000590000006700000093000000840000010300000114 
00000120000001510000016400000151000001720000017100000185000001930000021200000216 
00000236000002560000024800000272000002760000029400000314000003090000031400000372 
00000326000003560000031600000346000003630000036300000370000003920000040200000407 
00000407000004150000041600000380000004130000044600000452000004280000045700000479 
00000429000005000000046700000507000004890000047900000532000004920000052700000479 
00000519000005020000052700000502000005300000054000000524000005390000054700000505 
00000602000005760000051900000575000005630000058300000612000005950000059800000524 
00000576000006260000059500000635000006020000057200000563000006230000062800000633 
00000598000005990000060100000601000005990000058300000607000005800000065000000663 
00000651000006170000063400000664000006570000065500000622000006090000065900000627 
00000627000006650000060400000651000006440000068400000647000006480000062700000682 
00000725000006690000064800000682000007020000062200000614000006540000066500000659 
00000686000006890000067800000644000006480000065400000680000006790000072600000624 
00000667000007710000070600000665000007070000069900000684000007740000067000000704 
00000744000007080000073900000783000007810000075500000782000007460000071600000766 
00000740000008010000074000000761000007850000079100000794000007660000075400000744 
00000791000008800000084400000960000012410000140900001964000024350000266500002975 
00002645000021450000164300001159000009850000087400000775000008020000079200000742 
00000842000008140000073400000805000008140000082900000815000007920000084400000781 
00000857000007960000083800000797000008850000087000000841000008980000086300000840 
00000852000008790000096900000923000009520000094500000923000009290000089700000966 
00000943000009610000097800000909000009500000093400001001000010170000098900001064 
00001028000009670000102700001126000010180000109700001107000010590000103500001105 
00001133000010790000114000001067000011350000108300001106000011220000115000001152 
00001148000011140000117800001182000011320000118700001182000012620000109600001187 
00001207000011840000123500001167000012340000119800001276000011860000121800001237 
00001259000011890000125800001209000012390000129500001423000013590000144900001383 
00001538000014230000146200001406000015060000144800001469000015320000154900001603 
00001672000017650000192300002050000022930000249700002453000024690000215700001927 
00001720000016360000161700001613000015200000149500001563000016220000158800001610 
00001658000017340000164200001682000017320000172500001722000017760000172700001752 
00001773000017430000194400001972000020410000234100002564000025050000270300002489 
00002444000021430000212500002278000024910000325900004411000070240001080700015960 
00020393000232050002280300020100000157490001092800007146000048280000399200004210 
00005087000066510000779100008012000071960000553400003952000029060000226600002053 
00001885000018380000176600001640000017390000184300001940000023290000319900004588 
00006796000099360001228300013404000124050000949500006724000042370000257500001905 
00001563000014440000138400001337000013220000132900001318000013470000127900001356 
00001345000013350000140900001478000014070000141000001340000013020000137800001271 
00001337000013640000138300001383000013480000141000001504000015080000160100001618 
00001671000016480000169300001619000015330000138200001430000014730000137100001365 
00001432000014840000148100001447000015640000158000001780000018500000201600002082 
00002141000021910000226900002261000025320000301800003537000039620000430300004733 
00005196000055610000544800005017000040620000328800002847000027730000320400003485 
00003484000031040000271100002159000020110000195400002186000025870000282500002956 
00002652000023810000207900001778000015510000132700001168000009770000091200000910 
00000841000007810000086800000857000007850000084700000830000008140000082600000781 
00000802000007790000086100000875000008240000078400000838000008160000086000000867 
00000903000009230000102100000946000009340000085200000848000008590000085900000861 
00000852000008500000082500000802000008640000083500000835000008680000080800000835 
00000835000008090000084800000782000008480000087500000822000008000000086500000814 
00000811000008270000082200000847000008160000084800000842000008400000078100000839 
00000815000008460000086000000826000008480000087200000875000008420000084500000922 
00000851000008150000083000000822000008040000093000000921000009880000097900000926 
00000952000008500000084700000856000008370000079100000826000008500000085700000796 
00000802000008800000085500000874000007870000088000000886000008360000082700000861 
00000919000008340000087000000772000008700000078400000857000008210000077900000794 
00000807000008440000080300000814000008520000080200000800000008130000082100000833 
00000848000008180000082400000887000008020000085000000881000009080000087200000879 
00000864000008530000086100000901000008200000084200000904000009260000115500001392 
00001895000025640000316400003567000034440000271100002011000013860000103500000921 
00000864000008380000087100000753000008040000083400000816000008310000074600000821 
00000849000008480000078300000796000007970000081000000767000008030000077000000769 
00000748000008140000078200000824000007810000082700000776000007900000073300000825 
00000803000008160000079900000846000007160000075900000768000007960000079400000839 
00000858000007840000083800000804000007910000077800000778000007880000069600000735 
00000827000008310000079000000848000007530000077900000782000007790000073600000812 
00000743000007350000080100000710000007770000075800000768000007610000075500000838 
00000787000007750000078100000755000007920000077000000807000008330000079600000754 
00000778000007480000074800000784000007340000076800000753000008100000083900000789 
00000872000009680000110800001523000018460000225700002307000020930000173000001375 
00001036000009050000080300000762000007280000074000000780000007620000077200000769 
00000778000007300000078100000757000007670000076200000695000007790000077100000740 
00000716000007640000075500000730000007200000072700000681000007770000075300000733 
00000747000007330000070000000783000007570000077100000767000007360000081500000769 
00000740000007720000077000000720000008050000075600000678000007060000074200000761 
00000704000007280000068900000752000007320000073800000745000007260000075700000719 
00000742000007650000071800000704000007250000073600000761000007170000075100000729 
00000738000007100000070500000705000007130000068900000675000007860000068000000754 
00000721000007370000073800000773000007640000072100000761000007360000069700000712 
00000730000007190000074400000787000008180000083700000851000008640000082700000830 
00000776000008070000079900000835000008990000105100001453000021430000371000006351 
00010340000146630001835200019068000164980001209800007258000037910000192500000983 
00000704000006040000060400000567000006130000056000000610000005730000056700000584 
00000597000005970000057100000527000005730000056400000551000005460000054600000567 
00000578000005640000055700000519000005380000055500000496000005290000056500000568 
00000509000005210000056200000542000005850000053800000567000005940000066700000681 
00000776000007660000071700000702000006180000057200000522000005450000052000000527 
00000460000005490000055500000504000005020000051600000542000005330000054800000545 
00000518000005530000051800000534000005570000052400000521000004970000051800000525 
00000528000005300000050400000600000005760000066400000763000008140000081800000829 
00000767000006990000058700000543000005460000048100000556000005270000055500000638 
00000770000009880000136100001693000020680000209000001973000016100000118800000825 
00000622000005880000048800000493000004240000050100000441000005060000046300000466 
00000470000004680000046100000465000004810000050100000466000004370000048300000433 
00000480000004580000047300000507000004740000045800000450000004580000049500000484 
00000395000004470000044700000476000004590000045500000459000004570000045200000463 
00000416000004510000042200000460000005030000047000000427000004460000048600000437 
00000464000004540000045200000408000004260000048600000421000004240000044700000462 
00000495000005090000044400000429000004480000042500000444000004470000042800000435 
00000460000004090000046800000433000004530000041200000471000004840000047400000492 
00000468000004580000043300000429000004300000042000000449000004100000044100000379 
00000437000004170000044000000434000003830000046700000406000004300000044400000426 
00000417000004230000041400000440000004660000046000000479000004980000045500000495 
00000484000004780000045900000438000003590000038700000379000004050000037400000391 
00000429000003860000039300000398000003690000038900000388000004160000040800000396 
00000389000003840000038500000362000003610000038300000422000003990000039100000418 
00000397000003860000038800000377000004010000040400000381000003920000039300000396 
00000404000003870000038200000354000004110000038300000403000003880000037100000364 
00000392000004070000038100000379000004040000039600000411000004690000047600000459 
00000462000004110000036200000401000003470000036000000415000003930000038800000367 
00000379000003650000039100000383000003900000040000000394000004290000039700000399 
00000325000003570000033200000381000003330000035600000383000003790000036500000351 
00000387000003630000036900000356000003540000035400000350000003350000034400000340 
00000348000003640000033300000329000003620000036800000340000003260000035000000347 
00000349000003600000035000000400000003460000032500000382000003300000035500000339 
00000376000003400000035000000326000003590000034600000331000003360000032500000346 
00000335000003730000029300000302000003480000035700000330000003490000033800000335 
00000350000003030000032100000331000003590000031500000342000003150000030600000309 
00000336000003320000034600000331000003650000040500000464000005670000069000000766 
00000804000007260000066300000523000004590000039700000359000003190000033000000322 
00000317000003430000028800000291000003190000032200000323000003260000028100000305 
00000306000003200000029500000329000003340000030700000319000003380000030200000314 
00000277000003040000032400000308000003040000031800000308000002980000030200000320 
00000291000002920000031200000332000003080000030800000309000002980000030500000307 
00000301000003270000032200000283000003410000032300000309000003090000030200000312 
00000302000002920000031000000294000003370000029100000283000003010000030100000278 
00000289000003100000031700000328000002940000031300000291000003070000027800000293 
00000259000002920000029000000275000002950000029500000272000003040000031400000300 
00000291000002670000026600000263000002690000027000000293000002870000030900000281 
00000316000002770000029400000272000002790000029200000268000002750000026200000294 
00000261000003040000029300000278000003000000026600000271000002790000029000000266 
00000275000002830000027600000289000002980000026500000258000002790000027700000281 
00000286000002800000025300000264000002550000023100000259000002570000026900000270 
00000270000002270000024900000271000002620000026200000263000002640000026400000256 
00000284000002680000024000000281000002610000026700000250000002210000027000000242 
00000277000002580000025600000270000002470000021900000284000002620000026500000292 
00000256000002660000027700000267000002630000026700000255000002220000026200000246 
00000274000002670000027500000269000003150000028500000323000002600000028100000273 
00000291000002720000030300000317000002750000026800000261000002510000025500000263 
00000214000002370000026000000259000002470000023000000263000002770000027500000259 
00000243000002050000022200000257000002360000023800000253000002560000025700000258 
00000244000002390000023700000243000002190000023600000262000002510000023200000243 
00000240000002250000023000000224000002420000024400000228000002430000023600000225 
00000224000002340000024900000226000002510000022800000227000002350000024300000233 
00000225000002590000021000000225000002070000023700000220000001960000023500000225 
00000239000001970000022700000231000002230000024600000217000002230000023900000227 
00000237000002330000023800000216000002020000022000000260000002220000022400000220 
00000244000001890000025100000212000002310000023500000204000002280000021300000221 
00000247000002480000020000000199000002300000021800000227000002070000021300000209 
00000228000002180000019300000203000002390000022000000213000002200000021900000232 
00000214000002230000022700000203000002120000021200000205000002050000021600000207 
00000207000002160000021700000195000002100000019900000182000001970000019300000202 
00000198000002070000020400000199000002190000023800000212000002000000020200000211 
00000220000001990000020100000190000001660000022600000214000002040000022100000194 
00000178000001940000020800000192000002160000019500000208000002150000019000000191 
00000200000002070000021300000200000002130000017300000210000001780000021300000226 
00000208000002100000019800000181000001970000020200000203000001980000019900000230 
00000188000001760000019600000203000002010000019400000212000001960000019700000176 
00000173000001910000021000000196000001880000019600000191000002020000018300000192 
00000198000001870000017400000184000002130000018900000209000001670000020700000219 
00000205000001920000020700000183000001890000022100000217000002050000018500000197 
00000181000001740000017900000173000001700000019100000184000001840000022400000179 
00000178000001860000020300000219000001620000017800000209000001890000018400000192 
00000179000001930000017500000187000001670000019000000182000001750000017100000163 
00000184000002000000019900000196000001970000016800000170000001900000019600000187 
00000182000001810000016400000199000001780000018200000180000001930000016300000186 
00000176000001710000019200000165000001390000016900000161000001690000016100000195 
00000210000001990000019500000217000002430000024200000255000002570000027600000208 
00000201000002090000016900000167000001900000016800000172000001830000018100000189 
00000182000001680000014100000176000001490000015500000178000001940000015700000168 
00000166000001540000016000000147000001660000019400000161000001580000017700000165 
00000174000001930000017700000180000001550000016200000189000001520000015100000169 
00000162000001460000016200000161000001790000018400000155000001740000013500000150 
00000144000001620000018000000169000001660000016100000186000001430000017200000172 
00000168000001540000018200000162000001460000014000000148000001660000017100000160 
00000144000001470000016300000174000001410000014300000155000001510000015700000169 
00000158000001380000014100000150000001760000018600000183000001860000019300000196 
00000171000001660000017300000151000001520000015800000196000001670000015400000169 
00000138000001910000017900000158000001770000016300000178000001620000015300000155 
00000142000001310000018300000168000001730000013800000159000001350000014300000153 
00000157000001830000015700000163000001490000015100000169000001710000013400000153 
00000154000001520000015300000189000001310000015200000148000001450000014000000155 
00000167000001470000015100000142000001630000015700000139000001650000014200000178 
00000156000001540000014900000146000001550000011700000143000001230000014500000138 
00000161000001560000014800000134000001380000015600000180000001620000016000000152 
00000162000001550000014200000129000001550000017100000152000001620000013000000146 
00000172000001940000016000000154000001620000015400000137000001510000014400000146 
00000119000001410000015500000146000001570000013900000144000001190000015700000146 
00000150000001390000013200000141000001350000013600000151000001160000013700000127 
00000153000001430000014300000147000001360000012900000138000001440000012500000144 
00000148000001430000012200000136000001400000015400000155000001370000012700000126 
00000143000001420000013900000156000001400000013800000148000001570000013900000128 
00000145000001450000014600000136000001350000011900000147000001250000011900000125 
00000115000001450000013200000144000001380000014400000148000001220000012800000130 
00000139000001200000013800000148000001430000011900000125000001300000013900000151 
00000147000001480000014800000159000001210000014300000136000001550000013600000126 
00000131000001290000012600000166000001400000013000000141000001220000014300000114 
00000152000001210000014600000135000001290000013400000140000001260000013700000131 
00000132000001140000012800000140000001340000014800000145000001260000014700000130 
00000128000001210000013700000147000001120000011700000111000001380000013000000152 
00000131000001070000015400000134000001380000012300000118000001260000013600000139 
00000153000001190000012900000124000001160000014900000137000001290000012700000134 
00000126000001240000013200000144000001250000012700000108000001090000013300000127 
00000136000001230000013200000114000001340000011300000102000001030000012000000127 
00000125000001330000011900000115000001250000012000000115000001150000011000000123 
00000130000001350000010200000149000001220000011700000116000001030000011800000120 
00000116000001180000015000000120000001460000012400000113000001240000013500000113 
00000141000001350000012000000126000001130000010800000120000001180000013300000125 
00000101000001170000011900000093000001230000012800000118000001060000013200000115 
00000121000001240000011100000124000001260000013700000107000001310000012800000139 
00000118000001090000012300000117000001280000012900000120000001230000010200000108 
00000124000001030000011700000120000001100000011600000105000001240000009700000138 
00000118000001370000010400000110000001140000013300000122000001230000011600000127 
00000100000001310000010700000090000001040000012400000123000001270000010100000106 
00000116000001230000009100000100000001270000013300000113000001060000011100000132 
00000106000001270000010800000132000001270000011500000115000001120000011100000124 
00000121000001260000011600000110000001250000010500000113000001040000012800000135 
00000106000001200000012200000110000001080000011700000111000001090000008100000109 
00000139000000920000010800000106000001240000011800000124000001320000013400000128 
00000118000001160000011100000129000001130000009900000120000001190000014100000113 
00000092000000990000011800000115000001080000010800000121000001210000011100000122 
00000112000001000000011000000104000001110000011400000124000001090000010000000111 
00000104000001010000009000000103000001180000010400000119000001050000010700000122 
00000116000001010000014100000106000001130000011600000116000001050000009000000121 
00000090000001060000011000000112000001400000010700000126000001060000011700000109 
00000116000001270000011700000145000001130000010100000114000001100000010000000102 
00000108000001060000010800000096000001140000010900000111000001080000010200000107 
00000092000000930000011200000115000001090000009600000101000001330000011300000125 
00000123000001230000011200000107000001080000010500000090000001150000010100000101 
00000095000001110000011600000116000001190000010200000104000001010000010100000109 
00000105000001110000009800000108000001140000009900000099000001020000010800000104 
00000108000001050000010300000131000001150000010900000120000001190000011000000094 
00000116000001110000008800000110000001050000011500000101000001150000011800000108 
00000086000000830000009500000110000001000000010300000089000001070000009200000098 
00000096000000960000010300000109000001070000011000000110000001000000010600000094 
00000104000001180000009700000096000000930000011400000110000001030000013300000104 
00000097000001080000010700000107000001050000010400000112000001230000010400000086 
00000101000001090000011100000109000000930000010400000096000001080000010100000089 
00000106000000910000009500000098000001050000010400000089000001080000010000000093 
00000096000001060000009200000102000001070000009200000090000001070000010400000092 
00000092000001150000010000000102000001030000010200000107000000980000010800000090 
00000113000001090000009900000095000000860000011900000104000000840000010500000116 
00000104000001170000008400000104000001100000009900000088000000940000009000000074 
00000094000000900000010100000085000000900000010300000084000000970000010500000107 
00000102000000950000009100000088000001060000012000000100000001030000010100000083 
00000085000001090000007600000097000001100000009900000100000001060000011600000096 
00000125000001150000009800000092000001090000008500000112000001050000009900000093 
00000092000000990000010800000095000001060000010300000104000001060000010600000102 
00000101000001100000009900000106000000800000008400000096000001030000010500000098 
00000108000001110000009400000125000001240000010000000093000001070000010200000108 
00000124000000930000010400000104000001120000011200000103000001050000010500000102 
00000095000001020000008300000098000000970000011000000102000000960000009700000096 
00000093000000950000010900000089000000710000007400000095000001080000009500000101 
00000109000001080000010500000100000000830000008800000081000000880000010600000076 
00000104000000870000010400000106000001160000010600000114000000840000009000000096 
00000098000001050000009400000092000001010000009100000101000000880000010200000094 
00000112000000860000009400000093000000860000008900000086000000990000009200000090 
00000094000000850000008800000088000000920000008900000081000001050000009000000074 
00000105000001030000009700000095000000940000010300000101000000860000011700000089 
00000090000000980000008400000068000001060000010800000079000000840000009200000082 
00000090000000980000009100000088000000890000008400000085000001000000009200000083 
00000087000000940000010100000083000000860000010600000089000000790000011200000074 
00000085000000760000009700000091000000960000009400000091000000760000009700000120 
00000097000000920000008800000080000000890000010300000083000000940000010900000092 
00000110000000920000009600000094000000770000009100000103000000830000009900000080 
00000080000000930000010600000082000000860000010000000086000000830000008000000081 
00000080000000990000009700000107000000920000009400000111000000850000008800000101 
00000085000000980000009600000088000000950000009100000095000000970000008400000112 
00000078000000950000008300000089000000880000007300000095000000960000007800000097 
00000097000000860000011500000093000000740000010400000106000000740000007900000095 
00000098000000810000008000000073000001000000008400000083000000850000009900000088 
00000100000001030000009000000091000000830000008900000089000000700000008100000094 
00000082000000810000008800000088000000960000008000000102000000770000009700000111 
00000106000000840000009500000086000001000000009400000080000000860000007200000074 
00000099000000820000007800000094000000770000008100000085000000950000007800000102 
00000086000000910000008300000070000000840000006600000092000000770000006900000091 
00000085000000820000009500000086000001130000009200000082000000900000007900000092 
00000086000000860000009800000078000000820000008900000097000000950000009400000082 
00000108000000890000007300000092000000990000009300000095000000800000009300000092 
00000100000001040000009900000108000000960000010800000120000001110000013900000145 
00000148000001340000012900000126000001040000013300000086000001000000009000000091 
00000082000000910000008800000122000001000000008600000105000000720000008700000079 
00000078000000890000007900000086000000710000009600000081000000780000008600000071 
00000089000000810000008600000084000000940000008400000090000000930000008400000090 
00000087000000800000008200000072000000810000009700000076000000620000007600000074 
00000079000000900000007100000043000000660000008200000072000000830000007400000075 
00000092000000610000008600000071000000730000008300000078000000740000008200000091 
00000092000000900000010400000103000000900000007900000097000000950000009400000077 
00000084000001170000008700000076000000800000007100000067000000630000006100000065 
00000056000000710000007200000068000000740000006100000084000000820000007100000072 
00000070000000700000007500000072000000680000007500000071000000730000007200000083 
00000068000000720000006000000078000000560000007800000075000000780000006700000079 
00000059000000850000006400000077000000790000007700000064000000590000005800000088 
00000059000000650000008500000081000000460000008000000069000000560000006900000074 
00000079000000850000006200000079000000660000008500000074000000630000007100000056 
00000079000000620000007500000065000000740000007700000080000000590000006300000065 
00000061000000760000006100000076000000600000005200000069000000640000006900000077 
00000061000000630000007000000073000000610000008000000064000000870000006500000061 
00000068000000740000006500000069000000710000007700000084000000830000008400000064 
00000070000000590000005800000064000000640000005700000074000000590000007600000072 
00000070000000760000008200000085000000820000011600000112000001100000012600000107 
00000125000000980000009500000094000000800000007200000079000000550000008400000068 
00000053000000790000005600000073000000690000006500000068000000570000006500000058 
00000061000000620000007000000060000000650000006700000068000000630000006500000066 
00000062000000650000005300000058000000700000007900000055000000670000008400000069 
00000064000000550000006100000070000000650000005500000073000000630000006500000069 
00000057000000630000007000000070000000700000006600000069000000680000005600000070 
00000066000000530000008700000074000000570000006000000061000000750000006200000066 
00000071000000590000007800000066000000540000006400000072000000760000005500000061 
00000056000000640000007000000061000000680000006300000069000000660000006400000050 
00000072000000710000006200000077000000640000006000000070000000640000005500000065 
00000080000000660000004900000062000000680000006300000061000000660000007100000061 
00000062000000610000006800000054000000610000007400000068000000580000005300000059 
00000050000000650000006800000073000000550000006800000065000000690000007500000057 
00000037000000770000007200000080000000500000006300000067000000540000007300000063 
00000060000000620000006900000065000000600000005500000059000000670000005700000059 
00000059000000610000006300000046000000590000006600000059000000620000006500000053 
00000074000000560000006100000066000000650000006500000049000000670000006600000067 
00000063000000590000006000000068000000630000004000000048000000520000006700000056 
00000062000000460000006400000071000000610000005200000072000000640000007000000047 
00000058000000450000006500000065000000650000007100000064000000590000006200000067 
00000073000000600000006000000057000000620000006700000060000000730000006600000065 
00000051000000530000006700000057000000580000005000000058000000730000005800000063 
00000059000000630000006300000054000000610000005300000058000000630000006400000057 
00000052000000590000007100000063000000700000007600000064000000610000006200000069 
00000058000000640000005100000059000000630000005800000048000000580000005500000051 
00000059000000540000005000000053000000570000006700000057000000560000005400000058 
00000051000000540000006700000079000000670000005000000053000000630000005700000070 
00000049000000580000006500000057000000670000005100000054000000490000005000000071 
00000052000000530000005700000064000000830000006900000069000000560000004600000066 
00000057000000550000007600000063000000670000005800000047000000540000005800000065 
00000049000000590000006200000065000000520000005500000058000000660000006700000068 
00000070000000620000006400000057000000600000004800000063000000630000005700000064 
00000069000000610000006100000067000000630000006200000053000000570000006700000075 
00000056000000710000006500000058000000600000006300000058000000560000007500000061 
00000049000000580000004700000064000000530000005400000057000000590000006300000066 
00000063000000710000004600000054000000460000005100000065000000470000004400000054 
00000051000000720000005400000048000000520000005700000042000000610000005400000060 
00000057000000550000005000000062000000610000004000000065000000540000005200000055 
00000050000000440000005300000050000000640000004700000060000000490000005700000059 
00000066000000580000006000000048000000460000005300000060000000590000004300000061 
00000046000000510000007100000051000000440000005100000058000000580000004600000049 
00000060000000560000007300000044000000570000005200000063000000600000007000000073 
00000068000000750000007300000075000000730000004600000071000000660000006900000060 
00000064000000530000005600000051000000650000005800000051000000520000006100000056 
00000049000000550000007000000054000000510000006500000053000000550000006700000050 
00000047000000430000007500000070000000670000006100000048000000650000005800000071 
00000075000000740000007300000086000000770000005800000061000000660000005500000073 
00000059000000600000005300000068000000780000007000000078000000670000009000000052 
00000072000000670000006500000054000000620000005500000047000000570000005500000046 
00000062000000610000005500000051000000600000006900000058000000820000005300000061 
00000052000000540000004900000053000000650000004500000057000000440000005400000062 
00000046000000540000006300000057000000580000007200000053000000540000005200000063 
00000063000000600000005200000040000000600000004800000054000000660000005000000052 
00000056000000480000004600000048000000550000005500000046000000420000005300000061 
00000067000000660000005400000054000000580000005900000063000000640000005100000061 
00000053000000590000005500000049000000520000006200000060000000540000005300000054 
00000048000000460000005400000045000000570000004700000062000000500000006900000042 
00000049000000560000005800000067000000590000004800000048000000550000005200000054 
00000050000000600000005000000054000000410000006200000052000000490000005600000046 
00000056000000460000005300000061000000610000006700000054000000510000005600000056 
00000055000000540000005400000055000000540000005100000060000000580000006900000070 
00000059000000580000006000000054000000580000006300000048000000520000005100000047 
00000052000000450000007500000050000000660000004700000055000000510000005000000053 
00000055000000630000004700000062000000680000005900000064000000750000008700000085 
00000061000000650000006700000074000000720000006300000048000000510000005700000067 
00000060000000620000004100000054000000490000005200000052000000520000006400000055 
00000057000000540000005800000065000000650000006200000057000000570000006100000070 
00000075000000790000007500000060000000840000009800000079000000800000006800000060 
00000078000000890000008800000130000001390000020000000182000002240000025300000223 
00000211000002050000014900000112000000890000009000000080000000600000005000000056 
00000059000000550000003900000050000000640000005500000050000000670000004300000053 
00000069000000640000006100000054000000550000005300000058000000520000004800000043 
00000045000000540000004900000053000000570000007100000056000000650000005800000050 
00000047000000440000005900000046000000520000004000000041000000560000005100000063 
00000050000000540000006000000039000000490000006800000052000000620000005400000061 
00000067000000570000006100000051000000550000005900000044000000640000005000000045 
00000046000000380000004300000055000000460000005800000054000000460000005300000042 
00000051000000500000005900000058000000580000005500000041000000590000006100000049 
00000068000000630000005000000066000000460000005400000057000000450000006000000058 
00000049000000470000007300000067000000490000005300000051000000640000006600000062 
00000097000001180000012400000193000002370000030100000379000005110000058100000668 
00000672000006690000059000000514000003820000024100000189000001280000009400000075 
00000061000000580000004800000066000000470000004900000061000000530000005200000038 
00000058000000670000005600000056000000490000004000000057000000530000005300000045 
00000058000000470000004300000060000000560000006600000063000000610000005200000057 
00000056000000610000005700000052000000540000004900000063000000570000005700000040 
00000048000000550000004700000051000000470000005600000059000000510000005900000045 
00000044000000590000004600000053000000580000006300000055000000470000006000000051 
00000054000000570000005500000048000000540000005800000061000000710000006300000059 
00000056000000690000007200000065000000670000005900000050000000560000006000000052 
00000051000000720000005700000066000000540000006600000066000000830000009100000120 
00000131000001460000015900000184000001550000012900000129000001030000009800000077 
00000066000000580000006700000051000000450000005300000047000000580000005200000044 
00000051000000550000003200000064000000450000006500000066000000450000003900000049 
00000060000000540000005000000040000000520000004400000061000000470000005100000070 
00000056000000540000005500000043000000470000004700000060000000580000005700000044 
00000051000000420000005100000041000000550000004900000049000000530000005100000052 
00000055000000530000004300000042000000500000003500000031000000460000004000000033 
00000038000000370000003200000047000000330000004900000028000000420000004300000039 
00000047000000240000003400000038000000420000003500000035000000460000003200000040 
00000037000000330000003500000031000000300000004100000038000000400000003300000045 
00000060000000510000005800000052000000540000005900000041000000510000004100000039 
00000042000000400000004600000041000000360000003300000044000000410000004900000030 
00000039000000440000002800000029000000300000003700000039000000340000003600000035 
00000032000000290000003400000047000000290000003200000033000000430000002700000035 
00000035000000320000003600000032000000390000003800000038000000320000002900000033 
00000036000000250000003500000031000000330000004500000027000000370000003600000039 
00000032000000420000003800000042000000290000003500000028000000340000003600000039 
00000041000000300000004200000039000000360000003900000038000000400000003200000028 
00000041000000350000002700000038000000250000003700000032000000360000004100000043 
00000026000000360000004100000030000000440000002600000034000000300000003200000039 
00000044000000410000003900000041000000420000004100000035000000350000003300000036 
00000030000000330000003500000038000000300000003100000031000000330000002600000027 
00000028000000290000003200000031000000220000002100000031000000370000002500000032 
00000038000000370000004400000045000000340000003100000050000000310000003600000034 
00000032000000470000002700000038000000270000004200000037000000230000002800000025 
00000030000000380000002900000036000000310000002300000031000000250000003000000029 
00000024000000190000003700000031000000370000003400000028000000320000002900000027 
00000027000000290000002600000015000000280000001900000034000000220000001500000034 
00000030000000420000003100000024000000310000003100000032000000340000002300000026 
00000036000000280000002600000032000000230000001800000021000000300000001700000026 
00000021000000220000002300000038000000290000002800000027000000200000003100000025 
00000031000000280000001800000023000000270000002400000031000000280000002700000027 
00000025000000250000001800000022000000140000002100000027000000250000002700000036 
00000030000000160000004300000032000000290000002800000038000000450000003700000022 
00000030000000400000003600000040000000400000002600000026000000230000002900000022 
00000034000000280000002900000019000000210000001900000026000000210000002900000025 
00000023000000370000002500000030000000260000002300000022000000250000002200000019 
00000033000000200000002800000023000000310000002800000023000000230000001400000024 
00000031000000210000002700000023000000250000002300000029000000340000002900000025 
00000030000000280000002600000022000000240000002600000018000000170000002400000027 
00000026000000290000001200000026000000210000002800000018000000230000001700000028 
00000021000000220000002100000029000000140000002900000030000000210000002300000029 
00000022000000230000002300000033000000270000001900000020000000130000002000000015 
00000028000000200000001500000028000000250000001600000020000000210000001600000023 
00000028000000170000001900000020000000200000002500000026000000280000001600000020 
00000016000000210000001900000018000000270000002600000027000000240000002900000022 
00000020000000260000002400000030000000260000002800000025000000230000003100000034 
00000025000000200000002700000014000000250000001900000026000000210000001400000024 
00000020000000180000002500000022000000290000003800000041000000400000004900000064 
00000042000000460000004500000057000000370000003700000029000000340000003200000029 
00000037000000350000003800000045000000540000003400000042000000480000003000000043 
00000026000000360000001900000027000000260000002400000035000000190000001800000019 
00000025000000290000002700000021000000350000004000000035000000330000002700000014 
00000034000000160000001300000026000000150000002200000027000000230000001800000010 
00000022000000180000003300000020000000160000001800000016000000130000001400000022 
00000031000000170000001200000019000000150000001900000033000000200000001500000015 
00000014000000100000001400000014000000140000001900000015000000150000001600000013 
00000019000000090000001700000019000000190000001800000016000000150000001600000020 
00000013000000330000002700000022000000250000002100000021000000300000001700000018 
00000014000000190000001500000016000000120000001600000018000000190000001200000020 
00000016000000160000001700000015000000130000002000000013000000170000001500000024 
00000012000000120000001200000017000000250000002300000017000000080000002200000018 
00000015000000120000001600000017000000170000001400000014000000190000001900000019 
00000014000000140000001400000010000000170000001000000018000000160000001900000009 
00000019000000180000001700000016000000150000002300000023000000260000002700000024 
00000036000000300000002300000018000000230000002500000016000000130000002400000012 
00000011000000130000001400000020000000170000001700000015000000150000002100000017 
00000019000000150000002100000011000000200000000900000009000000090000001600000016 
00000020000000200000001400000012000000070000001500000018000000150000001100000017 
00000013000000100000001900000024000000110000001400000024000000260000002100000026 
00000030000000240000002800000024000000350000002600000033000000370000002200000026 
00000020000000180000001800000024000000220000001600000032000000340000002900000025 
00000031000000360000004500000040000000420000003000000043000000430000004600000039 
00000043000000240000003500000035000000220000002100000015000000170000001300000018 
00000014000000190000001200000018000000210000001700000018000000160000001300000014 
00000014000000130000002200000009000000140000001200000015000000140000001100000013 
00000017000000170000001100000009000000220000002700000009000000140000002100000010 
00000016000000100000001900000014000000160000002000000016000000130000000800000017 
00000009000000170000001400000021000000060000001700000013000000150000001100000011 
00000011000000110000001000000015000000140000001300000013000000120000001500000013 
00000012000000160000000700000015000000140000002100000010000000110000002100000009 
00000014000000150000001700000017000000110000001600000016000000160000002000000015 
00000022000000220000002800000040000000450000003600000057000000510000007000000060 
00000043000000460000004400000038000000350000001900000017000000210000002100000015 
00000025000000190000001600000015000000150000001200000014000000180000001500000019 
00000021000000100000001500000009000000120000001100000006000000180000001600000018 
00000009000000130000001100000019000000110000000600000020000000170000001500000013 
00000007000000110000000800000017000000140000000700000007000000160000000800000014 
00000008000000180000000800000009000000130000001400000011000000080000001700000008 
00000012000000090000001400000014000000130000001300000009000000130000001000000013 
00000017000000050000000700000016000000110000001100000011000000140000001500000011 
00000013000000150000001100000011000000140000001700000015000000140000000700000014 
00000013000000090000001400000011000000120000001200000022000000190000001700000017 
00000017000000090000000900000015000000130000001300000013000000110000001000000007 
00000015000000190000002100000013000000100000001600000017000000190000002200000017 
00000018000000060000001100000019000000150000000800000016000000130000001200000015 
00000009000000200000001400000012000000220000001400000011000000130000001000000008 
00000013000000130000000700000016000000120000001800000017000000110000001200000008 
00000007000000110000001300000014000000150000001600000010000000190000001400000013 
00000017000000120000001300000014000000100000001500000009000000120000001100000015 
00000015000000180000001400000013000000180000001900000021000000150000001500000013 
00000016000000140000001700000014000000130000000700000016000000110000001100000012 
00000015000000180000001700000016000000110000001300000010000000180000001100000015 
00000021000000160000001800000012000000110000001100000014000000180000001600000008 
00000012000000070000001200000018000000120000001300000016000000090000001300000015 
00000013000000090000001600000020000000110000001300000015000000160000000900000006 
00000017000000130000001400000018000000060000000800000010000000080000001000000013 
00000013000000170000001300000007000000160000001500000018000000200000002200000016 
00000015000000200000001800000012000000250000001300000017000000160000001600000016 
00000017000000170000001000000010000000190000001400000021000000210000002000000028 
00000028000000490000008800000085000001630000023300000299000004260000057200000719 
00000835000010020000111000001140000010500000097300000894000007450000053100000396 
00000241000001560000008400000061000000190000002200000018000000100000000800000015 
00000015000000050000000600000010000000130000001000000009000000110000001500000012 
00000012000000100000000400000005000000120000000900000007000000110000001000000012 
00000013000000080000000900000013000000060000000800000014000000090000001100000009 
00000012000000090000000900000007000000100000000600000007000000070000001100000006 
00000005000000040000001200000016000000070000001300000014000000170000001000000006 
00000010000000070000000800000006000000050000000900000010000000060000001400000005 
00000010000000080000001200000009000000100000001200000006000000040000000900000010 
00000002000000130000000500000008000000110000000900000006000000090000000700000007 
00000009000000070000001400000009000000090000001300000010000000070000000700000008 
00000009000000110000000800000009000000080000001100000008000000060000000700000016 
00000007000000050000000500000008000000050000000800000008000000090000000900000005 
00000007000000080000000700000008000000150000000600000010000000040000000700000007 
00000006000000070000000900000008000000080000000900000009000000110000000800000008 
00000006000000050000000600000005000000040000000600000008000000080000000500000007 
00000012000000060000000500000007000000090000000800000005000000050000001000000012 
00000007000000060000000700000015000000040000000600000006000000090000000800000008 
00000007000000110000001000000006000000060000001200000010000000070000000100000006 
00000008000000040000000500000006000000110000001000000003000000090000001500000005 
00000006000000120000001400000007000000080000001300000010000000020000001300000011 
00000011000000070000000900000008000000130000000800000007000000070000001300000005 
00000011000000110000000700000010000000110000000500000015000000070000000800000016 
00000014000000080000000700000010000000040000000900000005000000060000001200000010 
00000010000000040000001300000003000000100000001000000013000000050000000700000005 
00000007000000060000000700000008000000050000001300000005000000110000001000000009 
00000006000000040000001000000001000000070000000900000005000000020000001300000009 
00000007000000060000001000000011000000070000000800000005000000100000000400000011 
00000007000000090000000800000004000000050000000600000008000000050000001200000008 
00000012000000100000000800000007000000110000000900000009000000080000001000000007 
00000007000000070000000900000010000000040000001100000013000000090000001100000007 
00000007000000060000000800000013000000100000001200000011000000080000001000000008 
00000013000000080000000700000009000000050000001100000006000000130000001000000006 
00000010000000050000000800000008000000020000000500000004000000050000000500000006 
00000012000000050000000600000005000000080000000600000007000000070000000600000010 
00000012000000040000000900000010000000150000000700000004000000050000001100000006 
00000011000000070000000900000007000000100000001200000004000000100000000900000005 
00000005000000060000000400000007000000100000000800000012000000070000000600000011 
00000008000000070000000800000012000000030000000900000007000000060000000500000005 
00000006000000070000001000000005000000020000000600000003000000070000000600000003 
00000010000000050000000600000004000000060000001000000011000000070000000500000012 
00000011000000090000001000000009000000060000000800000007000000070000000600000009 
00000008000000050000001000000010000000110000000700000008000000110000000100000009 
00000009000000140000001000000011000000100000001100000006000000090000000900000001 
00000010000000120000000800000005000000060000000800000007000000050000000700000005 
00000007000000110000000900000008000000030000000600000006000000040000000700000006 
00000005000000080000000600000005000000060000000600000009000000080000001000000010 
00000008000000060000000300000009000000040000000800000013000000060000000800000007 
00000007000000030000000700000006000000150000000600000009000000090000000600000007 
00000009000000040000000800000007000000100000000600000008000000070000000600000006 
00000004000000140000001400000008000000070000001500000006000000050000000900000008 
00000009000000060000000900000007000000080000000900000010000000050000000700000008 
00000004000000020000000600000012000000120000000500000003000000030000000800000010 
00000004000000070000000600000003000000070000000500000002000000090000000700000002 
00000007000000100000001200000007000000080000000200000007000000040000001100000004 
00000005000000100000000600000007000000040000000700000006000000100000000600000006 
00000006000000040000000500000004000000110000000400000005000000040000000100000009 
00000009000000060000000500000005000000050000000900000007000000060000000700000007 
00000004000000070000000500000001000000020000000800000002000000050000000400000006 
00000006000000070000000600000008000000050000000700000007000000060000000400000008 
00000005000000030000000700000006000000040000000800000011000000080000001100000008 
00000007000000050000000900000016000000070000000700000012000000140000001400000012 
00000013000000170000001900000020000000110000001000000012000000120000001000000007 
00000010000000100000000700000005000000110000001600000011000000040000001100000012 
00000014000000090000000700000011000000060000001100000011000000080000001000000016 
00000012000000070000000800000004000000020000000400000004000000100000001000000007 
00000005000000060000000700000006000000060000001000000010000000120000000800000006 
00000008000000050000000800000003000000040000000900000003000000030000000400000007 
00000005000000090000000500000004000000100000000700000012000000080000000800000014 
00000003000000120000000700000009000000100000000900000009000000040000000800000006 
00000008000000100000000400000005000000020000000500000006000000090000000900000009 
00000006000000060000000600000007000000080000000500000008000000070000001000000011 
00000009000000040000000800000006000000070000000600000006000000100000000800000009 
00000009000000030000000600000005000000030000000800000010000000040000000400000003 
00000008000000080000001000000006000000150000000500000005000000100000000400000004 
00000007000000060000000500000007000000080000000500000006000000060000000500000008 
00000005000000130000000600000003000000050000001100000006000000030000000300000006 
00000005000000040000000500000007000000090000000800000003000000060000000600000014 
00000013000000120000001100000008000000070000000800000005000000100000000500000002 
00000009000000050000000700000011000000060000000700000009000000070000000400000008 
00000007000000070000001200000007000000070000001200000008000000030000000500000006 
00000014000000070000000700000009000000070000000800000007000000090000000900000005 
00000004000000070000001100000005000000050000000500000007000000060000000900000010 
00000006000000040000000800000008000000030000000400000003000000060000000200000002 
00000005000000050000000700000007000000060000000700000005000000030000001200000006 
00000005000000070000000600000005000000080000000500000007000000070000000400000006 
00000006000000050000000900000003000000140000000300000009000000040000000500000004 
00000004000000070000000800000008000000040000000600000003000000060000000700000005 
00000007000000010000000700000004000000060000001200000011000000100000001200000007 
00000006000000050000000800000002000000070000000900000007000000040000000400000005 
00000003000000040000000900000007000000120000000500000002000000070000000600000012 
00000005000000050000001100000004000000060000000300000006000000060000000900000010 
00000002000000050000000600000003000000060000000400000007000000080000000900000004 
00000005000000050000000500000007000000060000001000000009000000070000000700000004 
00000003000000070000000900000010000000120000001100000007000000080000000600000009 
00000012000000040000000500000010000000050000000700000007000000070000000400000011 
00000005000000110000000500000008000000110000001100000008000000050000000700000013 
00000007000000050000000600000007000000050000000700000009000000060000000500000005 
00000010000000070000000500000003000000050000000600000008000000050000000500000011 
00000011000000130000001500000015000000110000001800000017000000240000001900000025 
00000016000000180000001300000018000000160000000800000020000000140000001200000003 
00000009000000070000001000000007000000070000000800000006000000120000000900000005 
00000006000000050000000700000007000000080000000800000008000000100000000800000008 
00000005000000050000000800000006000000060000000200000005000000060000000400000011 
00000005000000080000000600000009000000030000001000000004000000080000000600000003 
00000009000000070000000600000003000000040000001200000005000000010000000900000005 
00000010000000080000000100000006000000080000000600000005000000030000001100000006 
00000004000000050000000700000008000000060000000900000006000000060000000800000007 
00000005000000100000000400000005000000050000000900000004000000030000000800000006 
00000011000000090000000600000003000000080000000400000012000000120000000400000005 
00000006000000020000000700000008000000040000000800000008000000030000000700000010 
00000002000000050000000500000007000000080000000800000003000000060000000500000005 
00000011000000100000000800000012000000110000000500000006000000050000000800000005 
00000009000000040000000800000016000000070000000600000006000000030000000900000007 
00000007000000110000001000000009000000070000000500000005000000050000000700000002 
00000008000000020000000800000006000000080000000800000009000000070000000600000005 
00000008000000060000000500000009000000070000000500000009000000060000000600000008 
00000005000000020000000600000011000000040000000600000008000000060000001200000005 
00000008000000060000000100000006000000040000000700000002000000060000000400000005 
00000002000000110000000600000004000000060000000500000006000000070000001400000005 
00000006000000050000000300000009000000060000000900000010000000040000000600000009 
00000007000000060000000600000004000000060000000700000003000000070000001400000013 
00000013000000090000001000000011000000160000001400000010000000170000001700000011 
00000009000000050000000800000018000000110000000800000010000000070000000300000006 
00000008000000110000000600000004000000060000000900000004000000100000000700000008 
00000007000000080000000800000006000000030000000500000004000000060000000400000009 
00000003000000040000000200000004000000040000000500000009000000060000000800000003 
00000004000000070000000400000006000000030000000500000006000000080000000600000004 
00000008000000070000000500000007000000080000000600000000000000040000000700000005 
00000004000000090000000300000003000000050000000500000001000000040000000500000005 
00000004000000060000000800000004000000080000000900000003000000090000000600000004 
00000004000000060000000700000006000000060000000900000005000000030000000800000004 
00000005000000090000000600000006000000080000000800000005000000070000000500000003 
00000003000000050000000800000001000000020000000600000004000000070000000400000003 
00000008000000060000000600000004000000020000000400000006000000040000000600000002 
00000002000000050000000600000003000000040000000300000010000000020000000200000010 
00000006000000040000001100000010000000030000000300000007000000050000000400000006 
00000005000000040000000600000007000000090000000500000007000000050000000400000004 
00000006000000040000000800000010000000050000000400000005000000050000000600000002 
00000004000000050000000100000001000000080000000700000003000000060000000700000006 
00000008000000020000000700000007000000050000000900000008000000010000000200000005 
00000004000000090000000500000003000000050000000300000006000000070000000400000005 
00000007000000060000000800000006000000080000000500000005000000050000000600000006 
00000004000000050000000600000003000000050000000300000006000000050000000300000002 
00000002000000040000000200000004000000060000000400000003000000060000000300000011 
00000008000000050000000300000005000000060000000500000001000000070000000300000004 
00000006000000080000000500000005000000060000000100000004000000080000000900000003 
00000006000000040000000500000003000000080000000500000005000000040000000600000006 
00000007000000070000000400000003000000060000000900000005000000010000000300000005 
00000003000000000000000500000005000000070000000800000004000000050000000400000007 
00000003000000040000000700000005000000070000000100000007000000060000000500000002 
00000006000000040000001000000004000000040000000700000003000000060000000400000005 
00000005000000070000000300000005000000050000000400000007000000030000000600000011 
00000001000000030000000600000005000000050000000700000004000000080000000600000001 
00000007000000020000000300000003000000040000000500000004000000060000000200000003 
00000006000000040000000300000001000000040000000800000004000000040000000200000004 
00000005000000040000000800000003000000050000000300000010000000060000000500000004 
00000003000000060000000400000003000000020000000400000005000000030000000500000005 
00000005000000030000000200000002000000070000000400000002000000030000000400000004 
00000004000000020000000600000004000000030000000800000007000000050000000400000003 
00000003000000110000000500000002000000030000000200000003000000070000000300000003 
00000005000000060000000700000003000000020000000600000004000000060000000400000001 
00000004000000040000000400000003000000020000000300000002000000050000000600000005 
00000004000000020000000700000004000000070000000200000004000000040000000500000004 
00000006000000050000000600000009000000050000000600000005000000020000000200000002 
00000003000000050000000500000006000000030000000500000003000000030000000200000006 
00000003000000070000000500000007000000050000000500000006000000080000000100000006 
00000001000000040000000300000005000000010000000400000003000000070000000700000006 
00000003000000000000000400000004000000050000000100000006000000040000000300000004 
00000004000000010000000300000007000000040000000400000005000000050000000300000006 
00000002000000060000000300000005000000010000000500000004000000080000000400000003 
00000001000000070000000500000003000000040000000600000005000000030000000400000006 
00000004000000060000000400000003000000020000000300000005000000040000000400000006 
00000002000000030000000600000004000000080000000600000004000000040000000200000003 
00000006000000040000000600000005000000070000000700000004000000020000000100000004 
00000005000000010000000600000003000000030000000400000005000000020000000500000008 
00000002000000000000000100000003000000040000000400000004000000040000000200000004 
00000005000000020000000200000005000000030000000500000003000000020000000500000004 
00000004000000020000000200000003000000080000000000000005000000050000000400000006 
00000004000000030000000300000007000000010000000400000002000000020000000300000002 
00000001000000050000000300000002000000050000000200000007000000080000000500000003 
00000004000000020000000600000006000000030000000400000003000000040000000400000003 
00000005000000050000000500000006000000010000000400000007000000060000000300000002 
00000005000000060000000200000001000000030000000500000005000000070000000400000001 
00000002000000030000000300000003000000030000000200000005000000050000000200000003 
00000003000000040000000400000003000000060000000400000005000000020000000300000004 
00000007000000040000000300000003000000040000000500000004000000050000000700000001 
00000005000000020000000200000003000000040000000400000008000000030000000300000005 
00000002000000020000000600000002000000020000000600000002000000020000000000000003 
00000004000000050000000300000002000000030000000200000007000000040000000600000003 
00000004000000040000000500000005000000040000000700000003000000050000000300000001 
00000001000000040000000100000002000000020000000500000007000000020000000400000005 
00000006000000040000000800000006000000020000000500000003000000060000000200000002 
00000005000000040000000200000002000000020000000600000002000000010000000100000003 
00000005000000030000000300000009000000060000000500000003000000040000000500000005 
00000006000000070000000500000007000000030000000100000004000000030000000500000001 
00000003000000050000000300000006000000020000000300000005000000060000000500000001 
00000000000000030000000400000006000000020000000700000003000000050000000300000004 
00000002000000020000000600000001000000030000000200000003000000090000000200000007 
00000004000000040000000200000003000000020000000500000003000000040000000200000003 
00000002000000070000000600000002000000030000000300000004000000020000000300000004 
00000003000000030000000300000003000000040000000300000006000000010000000100000005 
00000004000000030000000200000007000000040000000500000002000000070000000300000007 
00000007000000050000000400000009000000050000000500000005000000050000000400000007 
00000003000000050000000400000002000000020000000200000000000000010000000400000005 
00000003000000020000000300000005000000020000000500000002000000000000000300000003 
00000002000000020000000200000002000000020000000300000003000000050000000500000003 
00000003000000020000000300000008000000030000000600000005000000020000000100000005 
00000005000000050000000300000005000000030000000500000002000000020000000200000004 
00000005000000010000000300000004000000080000000200000004000000040000000300000003 
00000000000000020000000300000000000000000000000500000005000000040000000300000007 
00000002000000040000000100000005000000050000000800000004000000060000000400000003 
00000005000000040000000200000003000000020000000400000002000000010000000700000007 
00000006000000060000000200000004000000050000000800000009000000060000000200000005 
00000001000000030000000600000002000000080000000500000003000000020000000400000002 
00000002000000030000000200000001000000030000000400000003000000000000000400000004 
00000002000000040000000500000005000000030000000400000002000000040000000600000004 
00000000000000050000000200000001000000030000000400000006000000020000000500000005 
00000004000000010000000200000004000000060000000600000005000000020000000100000004 
00000003000000040000000300000001000000040000000400000003000000050000000300000004 
00000006000000080000000300000002000000060000000500000004000000020000000700000005 
00000006000000040000000100000005000000050000000500000002000000060000000100000003 
00000003000000040000000200000001000000020000000100000004000000020000000400000004 
00000006000000070000000600000003000000060000000800000006000000110000000500000015 
00000010000000100000001400000010000000070000000700000009000000090000000800000008 
00000006000000040000000900000006000000020000000900000002000000020000000500000001 
00000004000000020000000400000002000000070000000400000001000000040000000400000000 
00000007000000020000000600000005000000030000000400000002000000020000000300000001 
00000002000000030000000000000004000000050000000200000001000000070000000600000001 
00000004000000050000000300000003000000040000000100000001000000010000000300000004 
00000001000000080000000800000000000000030000000200000000000000020000000400000001 
00000003000000050000000400000004000000030000000300000004000000040000000400000004 
00000003000000020000000100000004000000020000000300000002000000020000000300000002 
00000004000000010000000500000005000000030000000400000002000000020000000400000004 
00000004000000040000000700000002000000060000000600000002000000070000000600000001 
00000004000000000000000500000003000000020000000200000001000000020000000200000003 
00000005000000030000000500000006000000040000000900000005000000060000000600000014 
00000010000000180000001600000031000000400000002700000039000000400000004600000068 
00000059000000590000005000000045000000420000002700000022000000210000001300000012 
00000007000000060000000400000002000000000000000200000002000000050000000800000001 
00000005000000060000000500000002000000040000000100000000000000030000000000000005 
00000002000000030000000300000002000000020000000300000002000000040000000400000003 
00000003000000020000000100000002000000020000000300000001000000040000000600000003 
00000003000000030000000100000001000000060000000200000005000000010000000400000003 
00000001000000020000000100000002000000000000000200000004000000050000000300000002 
00000004000000040000000500000003000000010000000300000003000000010000000300000001 
00000004000000080000000600000003000000030000000100000001000000030000000000000003 
00000005000000010000000100000000000000020000000100000002000000030000000100000006 
00000000000000040000000200000003000000020000000100000004000000020000000300000002 
00000003000000020000000300000003000000040000000300000004000000060000000000000002 
00000001000000010000000300000003000000020000000100000004000000030000000200000003 
00000002000000040000000500000004000000020000000200000003000000030000000200000003 
00000002000000000000000400000003000000070000000400000001000000020000000100000004 
00000003000000060000000300000002000000040000000300000003000000000000000700000001 
00000002000000040000000100000002000000030000000200000003000000030000000700000002 
00000002000000030000000100000003000000020000000100000002000000020000000500000005 
00000001000000020000000400000004000000010000000300000001000000030000000300000008 
00000005000000040000000100000002000000050000000300000004000000060000000200000001 
00000001000000030000000200000002000000020000000300000004000000010000000400000005 
00000000000000030000000300000002000000030000000300000002000000050000000600000003 
00000006000000050000000200000002000000050000000200000002000000050000000300000004 
00000005000000040000000500000004000000020000000100000004000000040000000500000002 
00000001000000080000000700000004000000020000000800000005000000040000000900000007 
00000009000000110000001500000009000000100000001200000017000000150000001300000012 
00000009000000120000000300000004000000060000000400000003000000030000000400000006 
00000001000000060000000100000001000000040000000200000004000000010000000100000001 
00000002000000010000000300000003000000080000000300000004000000050000000200000000 
00000003000000040000000700000003000000030000000200000003000000010000000200000004 
00000006000000020000000300000002000000010000000400000002000000020000000000000005 
00000004000000030000000000000000000000010000000000000003000000030000000400000003 
00000000000000030000000300000004000000010000000200000006000000060000000100000000 
00000001000000020000000700000001000000040000000600000001000000040000000300000003 
00000003000000030000000400000002000000020000000100000005000000020000000500000002 
00000002000000060000000700000005000000030000000500000000000000000000000500000003 
00000002000000020000000800000004000000020000000400000000000000040000000300000002 
00000005000000040000000600000001000000030000000500000003000000020000000200000003 
00000001000000010000000100000005000000030000000300000002000000010000000200000006 
00000001000000020000000100000002000000030000000000000002000000020000000200000000 
00000000000000010000000400000004000000050000000100000001000000020000000200000001 
00000003000000040000000600000001000000020000000000000003000000020000000400000004 
00000002000000030000000300000001000000030000000100000000000000040000000200000001 
00000002000000040000000200000006000000040000000400000003000000020000000200000003 
00000001000000040000000400000004000000050000000200000005000000020000000600000004 
00000005000000010000000000000002000000010000000300000003000000050000000400000001 
00000003000000030000000500000003000000010000000400000004000000030000000700000001 
00000005000000020000000300000007000000030000000600000005000000060000001000000008 
00000005000000080000000600000006000000060000000300000005000000070000000300000002 
00000001000000040000000300000002000000040000000100000004000000070000000300000000 
0000000200000000 
