0  0
1  0
2  0
3  0
4  0
5  0
6  0
7  0
8  0
9  0
10  0
11  0
12  0
13  0
14  0
15  0
16  0
17  0
18  0
19  0
20  0
21  0
22  0
23  0
24  0
25  0
26  0
27  0
28  0
29  0
30  0
31  0
32  0
33  0
34  0
35  0
36  0
37  0
38  0
39  0
40  0
41  0
42  0
43  0
44  0
45  4
46  5
47  8
48  9
49  5
50  3
51  5
52  3
53  7
54  2
55  6
56  6
57  1
58  5
59  6
60  5
61  5
62  2
63  3
64  3
65  5
66  3
67  7
68  8
69  5
70  6
71  5
72  2
73  2
74  3
75  3
76  3
77  2
78  3
79  4
80  2
81  3
82  2
83  2
84  4
85  5
86  5
87  1
88  5
89  0
90  2
91  4
92  2
93  2
94  1
95  2
96  1
97  4
98  2
99  2
100  6
101  3
102  3
103  7
104  3
105  3
106  0
107  0
108  4
109  3
110  3
111  2
112  1
113  1
114  4
115  3
116  0
117  2
118  0
119  4
120  1
121  2
122  2
123  4
124  4
125  3
126  4
127  5
128  7
129  1
130  1
131  0
132  1
133  2
134  1
135  1
136  1
137  1
138  3
139  0
140  1
141  0
142  4
143  0
144  2
145  1
146  1
147  1
148  1
149  1
150  1
151  2
152  1
153  0
154  1
155  2
156  1
157  2
158  1
159  1
160  0
161  1
162  1
163  2
164  3
165  3
166  4
167  2
168  1
169  5
170  1
171  1
172  3
173  2
174  1
175  4
176  0
177  4
178  0
179  3
180  2
181  3
182  4
183  1
184  0
185  1
186  2
187  0
188  4
189  3
190  0
191  1
192  1
193  1
194  1
195  4
196  1
197  3
198  3
199  1
200  0
201  4
202  2
203  2
204  0
205  1
206  4
207  1
208  2
209  5
210  3
211  0
212  3
213  1
214  3
215  3
216  4
217  2
218  1
219  0
220  3
221  3
222  2
223  4
224  0
225  0
226  1
227  1
228  2
229  3
230  2
231  0
232  4
233  3
234  2
235  1
236  2
237  1
238  3
239  2
240  1
241  3
242  1
243  6
244  5
245  5
246  2
247  3
248  2
249  2
250  3
251  0
252  1
253  3
254  2
255  4
256  3
257  2
258  5
259  4
260  3
261  4
262  2
263  4
264  3
265  3
266  7
267  4
268  2
269  3
270  4
271  4
272  1
273  7
274  4
275  5
276  7
277  7
278  8
279  11
280  12
281  6
282  11
283  12
284  9
285  13
286  11
287  13
288  9
289  10
290  12
291  15
292  9
293  8
294  9
295  5
296  9
297  9
298  6
299  10
300  12
301  6
302  15
303  10
304  14
305  17
306  13
307  23
308  31
309  25
310  40
311  40
312  52
313  46
314  42
315  48
316  57
317  58
318  59
319  50
320  80
321  52
322  70
323  63
324  66
325  89
326  84
327  96
328  96
329  152
330  176
331  252
332  326
333  461
334  507
335  570
336  573
337  636
338  649
339  611
340  659
341  614
342  627
343  645
344  636
345  572
346  609
347  561
348  451
349  289
350  143
351  40
352  3
353  0
354  0
355  1
356  0
357  0
358  0
359  0
360  0
361  0
362  0
363  0
364  0
365  0
366  0
367  0
368  0
369  0
370  0
371  0
372  0
373  0
374  0
375  0
376  0
377  0
378  0
379  0
380  0
381  0
382  0
383  0
384  0
385  0
386  0
387  0
388  0
389  0
390  0
391  0
392  0
393  0
394  0
395  0
396  0
397  0
398  0
399  0
400  0
401  0
402  0
403  0
404  0
405  0
406  0
407  0
408  0
409  0
410  0
411  0
412  0
413  0
414  0
415  0
416  0
417  0
418  0
419  0
420  0
421  0
422  0
423  0
424  0
425  0
426  0
427  0
428  0
429  0
430  0
431  0
432  0
433  0
434  0
435  0
436  0
437  0
438  0
439  0
440  0
441  0
442  0
443  0
444  0
445  0
446  0
447  0
448  0
449  0
450  0
451  0
452  0
453  0
454  0
455  0
456  0
457  0
458  0
459  0
460  0
461  0
462  0
463  0
464  0
465  0
466  0
467  0
468  0
469  0
470  0
471  0
472  0
473  0
474  0
475  0
476  0
477  0
478  0
479  0
480  0
481  0
482  0
483  0
484  0
485  0
486  0
487  0
488  0
489  0
490  0
491  0
492  0
493  0
494  0
495  0
496  0
497  0
498  0
499  0
500  0
501  0
502  0
503  0
504  0
505  0
506  0
507  0
508  0
509  0
510  0
511  0
512  0
513  0
514  0
515  0
516  0
517  0
518  0
519  0
520  0
521  0
522  0
523  0
524  0
525  0
526  0
527  0
528  0
529  0
530  0
531  0
532  0
533  0
534  0
535  0
536  0
537  0
538  0
539  0
540  0
541  0
542  0
543  0
544  0
545  0
546  0
547  0
548  0
549  0
550  0
551  0
552  0
553  0
554  0
555  0
556  0
557  0
558  0
559  0
560  0
561  0
562  0
563  0
564  0
565  0
566  0
567  0
568  0
569  0
570  0
571  0
572  0
573  0
574  0
575  0
576  0
577  0
578  0
579  0
580  0
581  0
582  0
583  0
584  0
585  0
586  0
587  0
588  0
589  0
590  0
591  0
592  0
593  0
594  0
595  0
596  0
597  0
598  0
599  0
600  0
601  0
602  0
603  0
604  0
605  0
606  0
607  0
608  0
609  0
610  0
611  0
612  0
613  0
614  0
615  0
616  0
617  0
618  0
619  0
620  0
621  0
622  0
623  0
624  0
625  0
626  0
627  0
628  0
629  0
630  0
631  0
632  0
633  0
634  0
635  0
636  0
637  0
638  0
639  0
640  0
641  0
642  0
643  0
644  0
645  0
646  0
647  0
648  0
649  0
650  0
651  0
652  0
653  0
654  0
655  0
656  0
657  0
658  0
659  0
660  0
661  0
662  0
663  0
664  0
665  0
666  0
667  0
668  0
669  0
670  0
671  0
672  0
673  0
674  0
675  0
676  0
677  0
678  0
679  0
680  0
681  0
682  0
683  0
684  0
685  0
686  0
687  0
688  0
689  0
690  0
691  0
692  0
693  0
694  0
695  0
696  0
697  0
698  0
699  0
700  0
701  0
702  0
703  0
704  0
705  0
706  0
707  0
708  0
709  0
710  0
711  0
712  0
713  0
714  0
715  0
716  0
717  0
718  0
719  0
720  0
721  0
722  0
723  0
724  0
725  0
726  0
727  0
728  0
729  0
730  0
731  0
732  0
733  0
734  0
735  0
736  0
737  0
738  0
739  0
740  0
741  0
742  0
743  0
744  0
745  0
746  0
747  0
748  0
749  0
750  0
751  0
752  0
753  0
754  0
755  0
756  0
757  0
758  0
759  0
760  0
761  0
762  0
763  0
764  0
765  0
766  0
767  0
768  0
769  0
770  0
771  0
772  0
773  0
774  0
775  0
776  0
777  0
778  0
779  0
780  0
781  0
782  0
783  0
784  0
785  0
786  0
787  0
788  0
789  0
790  0
791  0
792  0
793  0
794  0
795  0
796  0
797  0
798  0
799  0
800  0
801  0
802  0
803  0
804  0
805  0
806  0
807  0
808  0
809  0
810  0
811  0
812  0
813  0
814  0
815  0
816  0
817  0
818  0
819  0
820  0
821  0
822  0
823  0
824  0
825  0
826  0
827  0
828  0
829  0
830  0
831  0
832  0
833  0
834  0
835  0
836  0
837  0
838  0
839  0
840  0
841  0
842  0
843  0
844  0
845  0
846  0
847  0
848  0
849  0
850  0
851  0
852  0
853  0
854  0
855  0
856  0
857  0
858  0
859  0
860  0
861  0
862  0
863  0
864  0
865  0
866  0
867  0
868  0
869  0
870  0
871  0
872  0
873  0
874  0
875  0
876  0
877  0
878  0
879  0
880  0
881  0
882  0
883  0
884  0
885  1
886  82
887  1248
888  2895
889  1005
890  40
891  0
892  0
893  0
894  0
895  0
896  0
897  0
898  0
899  0
900  0
901  0
902  0
903  0
904  0
905  0
906  0
907  0
908  0
909  0
910  0
911  0
912  0
913  0
914  0
915  0
916  0
917  0
918  0
919  0
920  0
921  0
922  0
923  0
924  0
925  0
926  0
927  0
928  0
929  0
930  0
931  0
932  0
933  0
934  0
935  0
936  0
937  0
938  0
939  0
940  0
941  0
942  0
943  0
944  0
945  0
946  0
947  0
948  0
949  0
950  0
951  0
952  0
953  0
954  0
955  0
956  0
957  0
958  0
959  0
960  0
961  0
962  0
963  0
964  0
965  0
966  0
967  0
968  0
969  0
970  0
971  0
972  0
973  0
974  0
975  0
976  0
977  0
978  0
979  0
980  0
981  0
982  0
983  0
984  0
985  0
986  0
987  0
988  0
989  0
990  0
991  0
992  0
993  0
994  0
995  0
996  0
997  0
998  0
999  0
1000  0
1001  0
1002  0
1003  0
1004  0
1005  0
1006  0
1007  0
1008  0
1009  0
1010  0
1011  0
1012  0
1013  0
1014  0
1015  0
1016  0
1017  0
1018  0
1019  0
1020  0
1021  0
1022  0
1023  0
