0  0
1  0
2  0
3  0
4  0
5  0
6  0
7  0
8  0
9  0
10  0
11  0
12  0
13  0
14  0
15  0
16  0
17  0
18  0
19  0
20  0
21  0
22  0
23  0
24  0
25  0
26  0
27  0
28  0
29  0
30  0
31  0
32  0
33  0
34  0
35  0
36  0
37  0
38  0
39  0
40  0
41  0
42  3
43  216
44  300
45  320
46  304
47  287
48  276
49  230
50  263
51  247
52  258
53  208
54  210
55  197
56  223
57  235
58  201
59  212
60  203
61  182
62  187
63  180
64  197
65  164
66  165
67  185
68  171
69  155
70  187
71  166
72  158
73  158
74  152
75  165
76  144
77  156
78  168
79  136
80  137
81  125
82  142
83  134
84  127
85  146
86  128
87  141
88  133
89  114
90  121
91  133
92  112
93  104
94  96
95  107
96  104
97  131
98  99
99  99
100  125
101  87
102  91
103  115
104  88
105  87
106  108
107  102
108  79
109  96
110  103
111  108
112  81
113  73
114  100
115  96
116  80
117  94
118  98
119  86
120  96
121  96
122  99
123  107
124  93
125  92
126  80
127  87
128  94
129  92
130  80
131  83
132  78
133  89
134  72
135  83
136  87
137  81
138  91
139  80
140  82
141  80
142  100
143  83
144  88
145  75
146  91
147  77
148  84
149  90
150  94
151  113
152  119
153  103
154  96
155  97
156  105
157  81
158  95
159  73
160  84
161  89
162  94
163  84
164  128
165  104
166  88
167  112
168  90
169  99
170  100
171  136
172  92
173  98
174  117
175  128
176  128
177  121
178  159
179  161
180  169
181  174
182  214
183  197
184  274
185  296
186  419
187  590
188  797
189  1063
190  1196
191  1265
192  1563
193  2685
194  4972
195  11435
196  20272
197  16399
198  4417
199  439
200  84
201  44
202  36
203  25
204  18
205  6
206  11
207  12
208  11
209  6
210  8
211  8
212  4
213  6
214  2
215  1
216  8
217  3
218  3
219  3
220  2
221  2
222  1
223  1
224  1
225  3
226  2
227  1
228  1
229  1
230  1
231  0
232  1
233  0
234  2
235  1
236  0
237  0
238  0
239  0
240  2
241  1
242  0
243  1
244  2
245  1
246  2
247  0
248  0
249  1
250  0
251  2
252  0
253  2
254  1
255  3
256  6
257  2
258  6
259  0
260  4
261  2
262  2
263  1
264  2
265  3
266  1
267  2
268  1
269  1
270  1
271  1
272  2
273  3
274  3
275  2
276  4
277  1
278  1
279  3
280  2
281  0
282  1
283  1
284  4
285  2
286  2
287  3
288  1
289  2
290  2
291  1
292  0
293  0
294  0
295  1
296  1
297  0
298  2
299  1
300  1
301  0
302  0
303  1
304  3
305  0
306  0
307  4
308  0
309  0
310  1
311  0
312  0
313  2
314  1
315  2
316  3
317  2
318  1
319  0
320  0
321  0
322  1
323  2
324  0
325  0
326  3
327  0
328  1
329  1
330  0
331  2
332  1
333  0
334  2
335  0
336  1
337  0
338  0
339  0
340  4
341  1
342  0
343  2
344  0
345  1
346  1
347  2
348  2
349  1
350  2
351  2
352  3
353  1
354  4
355  1
356  0
357  0
358  1
359  0
360  2
361  1
362  1
363  2
364  1
365  2
366  1
367  2
368  3
369  2
370  3
371  1
372  1
373  3
374  1
375  0
376  1
377  1
378  3
379  1
380  0
381  2
382  1
383  1
384  2
385  1
386  2
387  1
388  2
389  4
390  0
391  4
392  4
393  2
394  0
395  4
396  2
397  1
398  2
399  0
400  0
401  0
402  0
403  0
404  0
405  0
406  0
407  0
408  0
409  0
410  0
411  0
412  0
413  0
414  0
415  0
416  0
417  0
418  0
419  0
420  0
421  0
422  0
423  0
424  0
425  0
426  0
427  0
428  0
429  0
430  0
431  0
432  0
433  0
434  0
435  0
436  0
437  0
438  0
439  0
440  0
441  0
442  0
443  0
444  0
445  0
446  0
447  0
448  0
449  0
450  0
451  0
452  0
453  0
454  0
455  0
456  0
457  0
458  0
459  0
460  0
461  0
462  0
463  0
464  0
465  0
466  0
467  0
468  0
469  0
470  0
471  0
472  0
473  2
474  18
475  654
476  3925
477  172
478  5
479  11
480  2
481  5
482  4
483  0
484  1
485  0
486  1
487  1
488  0
489  2
490  1
491  0
492  1
493  0
494  1
495  0
496  0
497  0
498  0
499  0
500  0
501  1
502  0
503  0
504  0
505  0
506  0
507  0
508  1
509  0
510  0
511  0
512  0
513  0
514  0
515  0
516  0
517  0
518  0
519  0
520  1
521  0
522  0
523  0
524  0
525  0
526  0
527  0
528  0
529  0
530  0
531  0
532  0
533  1
534  0
535  0
536  0
537  0
538  0
539  0
540  1
541  0
542  0
543  0
544  0
545  0
546  0
547  0
548  0
549  1
550  1
551  1
552  0
553  0
554  0
555  0
556  1
557  0
558  0
559  0
560  0
561  0
562  1
563  0
564  0
565  0
566  0
567  0
568  0
569  0
570  0
571  0
572  0
573  0
574  0
575  0
576  0
577  0
578  0
579  0
580  1
581  0
582  0
583  0
584  0
585  1
586  0
587  0
588  0
589  0
590  0
591  0
592  0
593  0
594  0
595  0
596  0
597  0
598  0
599  0
600  0
601  0
602  0
603  0
604  0
605  0
606  0
607  0
608  0
609  0
610  1
611  1
612  0
613  0
614  0
615  0
616  0
617  0
618  0
619  0
620  0
621  0
622  0
623  0
624  0
625  0
626  1
627  0
628  0
629  0
630  0
631  0
632  1
633  0
634  0
635  0
636  0
637  0
638  0
639  0
640  0
641  0
642  0
643  0
644  0
645  0
646  0
647  0
648  0
649  0
650  0
651  0
652  0
653  0
654  0
655  0
656  0
657  0
658  0
659  0
660  0
661  2
662  0
663  0
664  0
665  0
666  0
667  1
668  2
669  1
670  0
671  0
672  0
673  1
674  1
675  0
676  0
677  2
678  0
679  0
680  0
681  0
682  0
683  0
684  0
685  0
686  0
687  0
688  0
689  0
690  0
691  0
692  0
693  0
694  0
695  0
696  0
697  0
698  0
699  0
700  0
701  0
702  0
703  0
704  0
705  0
706  0
707  0
708  0
709  0
710  0
711  0
712  0
713  0
714  0
715  0
716  0
717  0
718  0
719  0
720  0
721  0
722  0
723  0
724  0
725  0
726  0
727  0
728  0
729  0
730  0
731  0
732  0
733  0
734  0
735  0
736  0
737  0
738  0
739  0
740  0
741  0
742  0
743  0
744  0
745  0
746  0
747  0
748  0
749  0
750  0
751  0
752  0
753  0
754  0
755  0
756  0
757  0
758  0
759  0
760  0
761  0
762  0
763  0
764  0
765  0
766  0
767  0
768  0
769  0
770  0
771  0
772  0
773  0
774  0
775  0
776  0
777  0
778  0
779  0
780  0
781  0
782  0
783  0
784  0
785  0
786  0
787  0
788  0
789  0
790  0
791  0
792  0
793  0
794  0
795  0
796  0
797  0
798  0
799  0
800  0
801  0
802  0
803  0
804  0
805  0
806  0
807  0
808  0
809  0
810  0
811  0
812  0
813  0
814  0
815  0
816  0
817  0
818  0
819  0
820  0
821  0
822  0
823  0
824  0
825  0
826  0
827  0
828  0
829  0
830  0
831  0
832  0
833  0
834  0
835  0
836  0
837  0
838  0
839  0
840  0
841  0
842  0
843  0
844  0
845  0
846  0
847  0
848  0
849  0
850  0
851  0
852  0
853  0
854  0
855  0
856  0
857  0
858  0
859  0
860  0
861  0
862  0
863  0
864  0
865  0
866  0
867  0
868  0
869  0
870  0
871  0
872  0
873  0
874  0
875  0
876  0
877  0
878  0
879  0
880  0
881  0
882  0
883  0
884  0
885  0
886  0
887  0
888  0
889  0
890  0
891  0
892  0
893  0
894  0
895  0
896  0
897  0
898  0
899  0
900  0
901  0
902  0
903  0
904  0
905  0
906  0
907  0
908  0
909  0
910  0
911  0
912  0
913  0
914  0
915  0
916  0
917  0
918  0
919  0
920  0
921  0
922  0
923  0
924  0
925  0
926  0
927  0
928  0
929  0
930  0
931  0
932  0
933  0
934  0
935  0
936  0
937  0
938  0
939  0
940  0
941  0
942  0
943  0
944  0
945  0
946  0
947  0
948  0
949  0
950  0
951  0
952  0
953  0
954  0
955  0
956  0
957  0
958  0
959  0
960  0
961  0
962  0
963  0
964  0
965  0
966  0
967  0
968  0
969  0
970  0
971  0
972  0
973  0
974  0
975  0
976  0
977  0
978  0
979  0
980  0
981  0
982  0
983  0
984  0
985  0
986  0
987  0
988  0
989  0
990  0
991  0
992  0
993  0
994  0
995  0
996  0
997  0
998  0
999  0
1000  0
1001  0
1002  0
1003  0
1004  0
1005  0
1006  0
1007  0
1008  0
1009  0
1010  0
1011  0
1012  0
1013  0
1014  0
1015  0
1016  0
1017  0
1018  0
1019  0
1020  0
1021  0
1022  0
1023  0
