0  0
1  0
2  0
3  0
4  0
5  0
6  0
7  0
8  0
9  0
10  0
11  0
12  0
13  0
14  0
15  0
16  0
17  0
18  0
19  0
20  0
21  0
22  0
23  0
24  0
25  0
26  0
27  0
28  0
29  0
30  0
31  0
32  0
33  0
34  0
35  0
36  0
37  0
38  0
39  0
40  0
41  0
42  0
43  0
44  0
45  1
46  6
47  8
48  9
49  3
50  10
51  5
52  3
53  4
54  4
55  4
56  6
57  0
58  6
59  5
60  8
61  4
62  7
63  5
64  10
65  3
66  2
67  2
68  4
69  4
70  5
71  0
72  2
73  6
74  6
75  3
76  1
77  2
78  5
79  4
80  5
81  1
82  2
83  2
84  3
85  5
86  2
87  2
88  4
89  2
90  4
91  2
92  3
93  2
94  3
95  3
96  2
97  2
98  2
99  0
100  4
101  0
102  1
103  2
104  0
105  1
106  4
107  1
108  2
109  0
110  1
111  1
112  2
113  4
114  0
115  2
116  2
117  2
118  1
119  1
120  2
121  1
122  2
123  0
124  1
125  1
126  2
127  1
128  2
129  1
130  1
131  0
132  2
133  4
134  3
135  1
136  2
137  1
138  1
139  3
140  0
141  2
142  2
143  1
144  1
145  2
146  3
147  1
148  1
149  0
150  0
151  1
152  2
153  0
154  3
155  0
156  2
157  1
158  4
159  0
160  1
161  0
162  2
163  4
164  0
165  0
166  2
167  2
168  0
169  4
170  2
171  2
172  3
173  0
174  0
175  1
176  5
177  1
178  2
179  1
180  2
181  3
182  0
183  1
184  0
185  1
186  0
187  4
188  3
189  2
190  0
191  2
192  2
193  1
194  1
195  1
196  1
197  3
198  4
199  4
200  1
201  2
202  1
203  2
204  6
205  2
206  3
207  0
208  3
209  4
210  2
211  1
212  0
213  2
214  0
215  1
216  2
217  0
218  1
219  1
220  2
221  0
222  1
223  1
224  3
225  1
226  2
227  2
228  2
229  2
230  3
231  1
232  1
233  0
234  4
235  2
236  3
237  2
238  2
239  3
240  2
241  3
242  4
243  4
244  3
245  1
246  5
247  4
248  3
249  1
250  2
251  4
252  3
253  1
254  0
255  4
256  6
257  1
258  5
259  5
260  2
261  6
262  1
263  1
264  2
265  3
266  8
267  3
268  5
269  3
270  7
271  2
272  2
273  5
274  3
275  3
276  9
277  6
278  9
279  13
280  5
281  12
282  8
283  7
284  11
285  14
286  18
287  11
288  6
289  10
290  17
291  11
292  4
293  11
294  8
295  10
296  3
297  8
298  9
299  9
300  4
301  11
302  9
303  14
304  15
305  18
306  14
307  16
308  19
309  18
310  26
311  41
312  37
313  47
314  49
315  51
316  46
317  58
318  35
319  67
320  47
321  48
322  57
323  75
324  67
325  64
326  52
327  68
328  108
329  127
330  155
331  177
332  272
333  390
334  431
335  496
336  527
337  591
338  623
339  613
340  619
341  620
342  612
343  672
344  586
345  621
346  610
347  615
348  434
349  272
350  138
351  23
352  3
353  0
354  0
355  0
356  1
357  0
358  0
359  0
360  0
361  0
362  0
363  0
364  0
365  0
366  0
367  0
368  0
369  0
370  0
371  0
372  0
373  0
374  0
375  0
376  0
377  0
378  0
379  0
380  0
381  0
382  0
383  0
384  0
385  0
386  0
387  0
388  0
389  0
390  0
391  0
392  0
393  0
394  0
395  0
396  0
397  0
398  0
399  0
400  0
401  0
402  0
403  0
404  0
405  0
406  0
407  0
408  0
409  0
410  0
411  0
412  0
413  0
414  0
415  0
416  0
417  0
418  0
419  0
420  0
421  0
422  0
423  0
424  0
425  0
426  0
427  0
428  0
429  0
430  0
431  0
432  0
433  0
434  0
435  0
436  0
437  0
438  0
439  0
440  0
441  0
442  0
443  0
444  0
445  0
446  0
447  0
448  0
449  0
450  0
451  0
452  0
453  0
454  0
455  0
456  0
457  0
458  0
459  0
460  0
461  0
462  0
463  0
464  0
465  0
466  0
467  0
468  0
469  0
470  0
471  0
472  0
473  0
474  0
475  0
476  0
477  0
478  0
479  0
480  0
481  0
482  0
483  0
484  0
485  0
486  0
487  0
488  0
489  0
490  0
491  0
492  0
493  0
494  0
495  0
496  0
497  0
498  0
499  0
500  0
501  0
502  0
503  0
504  0
505  0
506  0
507  0
508  0
509  0
510  0
511  0
512  0
513  0
514  0
515  0
516  0
517  0
518  0
519  0
520  0
521  0
522  0
523  0
524  0
525  0
526  0
527  0
528  0
529  0
530  0
531  0
532  0
533  0
534  0
535  0
536  0
537  0
538  0
539  0
540  0
541  0
542  0
543  0
544  0
545  0
546  0
547  0
548  0
549  0
550  0
551  0
552  0
553  0
554  0
555  0
556  0
557  0
558  0
559  0
560  0
561  0
562  0
563  0
564  0
565  0
566  0
567  0
568  0
569  0
570  0
571  0
572  0
573  0
574  0
575  0
576  0
577  0
578  0
579  0
580  0
581  0
582  0
583  0
584  0
585  0
586  0
587  0
588  0
589  0
590  0
591  0
592  0
593  0
594  0
595  0
596  0
597  0
598  0
599  0
600  0
601  0
602  0
603  0
604  0
605  0
606  0
607  0
608  0
609  0
610  0
611  0
612  0
613  0
614  0
615  0
616  0
617  0
618  0
619  0
620  0
621  0
622  0
623  0
624  0
625  0
626  0
627  0
628  0
629  0
630  0
631  0
632  0
633  0
634  0
635  0
636  0
637  0
638  0
639  0
640  0
641  0
642  0
643  0
644  0
645  0
646  0
647  0
648  0
649  0
650  0
651  0
652  0
653  0
654  0
655  0
656  0
657  0
658  0
659  0
660  0
661  0
662  0
663  0
664  0
665  0
666  0
667  0
668  0
669  0
670  0
671  0
672  0
673  0
674  0
675  0
676  0
677  0
678  0
679  0
680  0
681  0
682  0
683  0
684  0
685  0
686  0
687  0
688  0
689  0
690  0
691  0
692  0
693  0
694  0
695  0
696  0
697  0
698  0
699  0
700  0
701  0
702  0
703  0
704  0
705  0
706  0
707  0
708  0
709  0
710  0
711  0
712  0
713  0
714  0
715  0
716  0
717  0
718  0
719  0
720  0
721  0
722  0
723  0
724  0
725  0
726  0
727  0
728  0
729  0
730  0
731  0
732  0
733  0
734  0
735  0
736  0
737  0
738  0
739  0
740  0
741  0
742  0
743  0
744  0
745  0
746  0
747  0
748  0
749  0
750  0
751  0
752  0
753  0
754  0
755  0
756  0
757  0
758  0
759  0
760  0
761  0
762  0
763  0
764  0
765  0
766  0
767  0
768  0
769  0
770  0
771  0
772  0
773  0
774  0
775  0
776  0
777  0
778  0
779  0
780  0
781  0
782  0
783  0
784  0
785  0
786  0
787  0
788  0
789  0
790  0
791  0
792  0
793  0
794  0
795  0
796  0
797  0
798  0
799  0
800  0
801  0
802  0
803  0
804  0
805  0
806  0
807  0
808  0
809  0
810  0
811  0
812  0
813  0
814  0
815  0
816  0
817  0
818  0
819  0
820  0
821  0
822  0
823  0
824  0
825  0
826  0
827  0
828  0
829  0
830  0
831  0
832  0
833  0
834  0
835  0
836  0
837  0
838  0
839  0
840  0
841  0
842  0
843  0
844  0
845  0
846  0
847  0
848  0
849  0
850  0
851  0
852  0
853  0
854  0
855  0
856  0
857  0
858  0
859  0
860  0
861  0
862  0
863  0
864  0
865  0
866  0
867  0
868  0
869  0
870  0
871  0
872  0
873  0
874  0
875  0
876  0
877  0
878  0
879  0
880  0
881  0
882  0
883  0
884  1
885  39
886  948
887  2800
888  1268
889  74
890  0
891  0
892  0
893  0
894  0
895  0
896  0
897  0
898  0
899  0
900  0
901  0
902  0
903  0
904  0
905  0
906  0
907  0
908  0
909  0
910  0
911  0
912  0
913  0
914  0
915  0
916  0
917  0
918  0
919  0
920  0
921  0
922  0
923  0
924  0
925  0
926  0
927  0
928  0
929  0
930  0
931  0
932  0
933  0
934  0
935  0
936  0
937  0
938  0
939  0
940  0
941  0
942  0
943  0
944  0
945  0
946  0
947  0
948  0
949  0
950  0
951  0
952  0
953  0
954  0
955  0
956  0
957  0
958  0
959  0
960  0
961  0
962  0
963  0
964  0
965  0
966  0
967  0
968  0
969  0
970  0
971  0
972  0
973  0
974  0
975  0
976  0
977  0
978  0
979  0
980  0
981  0
982  0
983  0
984  0
985  0
986  0
987  0
988  0
989  0
990  0
991  0
992  0
993  0
994  0
995  0
996  0
997  0
998  0
999  0
1000  0
1001  0
1002  0
1003  0
1004  0
1005  0
1006  0
1007  0
1008  0
1009  0
1010  0
1011  0
1012  0
1013  0
1014  0
1015  0
1016  0
1017  0
1018  0
1019  0
1020  0
1021  0
1022  0
1023  0
