0  0
1  0
2  0
3  0
4  0
5  0
6  0
7  0
8  0
9  0
10  0
11  0
12  0
13  0
14  0
15  0
16  0
17  0
18  0
19  0
20  0
21  0
22  0
23  0
24  0
25  0
26  0
27  0
28  0
29  0
30  0
31  0
32  0
33  0
34  0
35  0
36  0
37  0
38  0
39  0
40  0
41  0
42  1
43  80
44  92
45  73
46  47
47  56
48  55
49  39
50  37
51  36
52  30
53  26
54  30
55  30
56  21
57  22
58  20
59  28
60  32
61  41
62  20
63  21
64  33
65  21
66  20
67  21
68  32
69  22
70  28
71  33
72  28
73  28
74  28
75  22
76  20
77  21
78  13
79  21
80  26
81  23
82  20
83  19
84  24
85  23
86  22
87  22
88  22
89  27
90  22
91  28
92  24
93  23
94  23
95  23
96  17
97  26
98  21
99  25
100  21
101  15
102  27
103  17
104  26
105  22
106  25
107  32
108  28
109  12
110  25
111  24
112  27
113  37
114  31
115  24
116  37
117  28
118  33
119  29
120  52
121  35
122  38
123  40
124  41
125  50
126  48
127  47
128  67
129  43
130  48
131  54
132  58
133  51
134  66
135  61
136  60
137  72
138  80
139  88
140  92
141  84
142  112
143  90
144  103
145  116
146  143
147  125
148  152
149  167
150  170
151  152
152  157
153  154
154  146
155  148
156  149
157  171
158  170
159  170
160  171
161  184
162  183
163  202
164  207
165  187
166  191
167  207
168  218
169  241
170  231
171  248
172  264
173  305
174  299
175  372
176  369
177  399
178  417
179  453
180  506
181  608
182  615
183  770
184  997
185  1281
186  1648
187  2430
188  3364
189  4053
190  4288
191  4804
192  7000
193  12178
194  24910
195  53635
196  71025
197  39281
198  7548
199  563
200  42
201  15
202  9
203  8
204  7
205  3
206  4
207  1
208  3
209  2
210  4
211  8
212  1
213  2
214  1
215  2
216  7
217  2
218  4
219  0
220  0
221  1
222  1
223  2
224  0
225  2
226  0
227  2
228  3
229  2
230  3
231  0
232  1
233  2
234  1
235  2
236  3
237  3
238  0
239  1
240  3
241  4
242  2
243  2
244  2
245  1
246  3
247  2
248  5
249  5
250  8
251  10
252  9
253  12
254  14
255  20
256  17
257  17
258  18
259  17
260  15
261  14
262  13
263  24
264  16
265  10
266  11
267  13
268  13
269  11
270  14
271  19
272  15
273  16
274  12
275  19
276  13
277  14
278  16
279  17
280  11
281  13
282  6
283  11
284  12
285  13
286  18
287  12
288  12
289  14
290  10
291  6
292  11
293  12
294  16
295  9
296  13
297  12
298  14
299  12
300  10
301  9
302  8
303  14
304  13
305  14
306  8
307  12
308  8
309  7
310  8
311  7
312  11
313  20
314  13
315  14
316  15
317  10
318  13
319  14
320  15
321  8
322  11
323  8
324  8
325  10
326  12
327  11
328  12
329  8
330  8
331  7
332  8
333  11
334  13
335  8
336  18
337  11
338  13
339  12
340  7
341  9
342  24
343  6
344  13
345  12
346  8
347  8
348  14
349  8
350  15
351  18
352  17
353  15
354  13
355  7
356  10
357  15
358  13
359  15
360  17
361  10
362  16
363  16
364  14
365  15
366  17
367  15
368  15
369  12
370  16
371  17
372  14
373  13
374  15
375  11
376  20
377  12
378  22
379  22
380  18
381  21
382  25
383  29
384  12
385  17
386  16
387  25
388  19
389  18
390  26
391  16
392  33
393  47
394  51
395  41
396  33
397  26
398  13
399  1
400  0
401  0
402  0
403  0
404  0
405  0
406  0
407  0
408  0
409  0
410  0
411  0
412  0
413  0
414  0
415  0
416  0
417  0
418  0
419  0
420  0
421  0
422  0
423  1
424  0
425  0
426  0
427  0
428  0
429  0
430  0
431  0
432  0
433  0
434  0
435  0
436  0
437  0
438  0
439  1
440  0
441  0
442  0
443  0
444  0
445  0
446  0
447  0
448  0
449  0
450  0
451  0
452  0
453  0
454  0
455  0
456  0
457  0
458  0
459  1
460  0
461  1
462  0
463  0
464  0
465  0
466  0
467  0
468  0
469  0
470  0
471  0
472  0
473  0
474  3
475  699
476  3721
477  152
478  1
479  2
480  0
481  0
482  1
483  0
484  1
485  0
486  1
487  0
488  0
489  1
490  0
491  0
492  0
493  0
494  0
495  0
496  0
497  0
498  1
499  0
500  0
501  0
502  0
503  1
504  0
505  0
506  0
507  0
508  0
509  1
510  0
511  0
512  0
513  1
514  0
515  0
516  0
517  0
518  1
519  0
520  0
521  1
522  0
523  1
524  0
525  0
526  1
527  1
528  2
529  1
530  0
531  1
532  0
533  1
534  0
535  0
536  1
537  1
538  1
539  0
540  0
541  0
542  2
543  0
544  0
545  0
546  0
547  1
548  0
549  0
550  0
551  0
552  0
553  1
554  2
555  0
556  0
557  0
558  1
559  1
560  0
561  0
562  0
563  1
564  1
565  0
566  1
567  0
568  0
569  0
570  1
571  1
572  0
573  0
574  0
575  0
576  0
577  1
578  1
579  0
580  1
581  2
582  0
583  1
584  0
585  0
586  0
587  0
588  0
589  0
590  0
591  0
592  0
593  0
594  0
595  0
596  0
597  0
598  0
599  0
600  0
601  0
602  0
603  0
604  0
605  0
606  0
607  1
608  0
609  0
610  0
611  0
612  1
613  0
614  0
615  0
616  2
617  0
618  0
619  0
620  1
621  1
622  1
623  1
624  2
625  0
626  1
627  0
628  0
629  0
630  1
631  0
632  3
633  0
634  2
635  0
636  1
637  0
638  0
639  1
640  0
641  1
642  0
643  0
644  0
645  1
646  0
647  2
648  1
649  0
650  0
651  2
652  0
653  1
654  1
655  1
656  0
657  0
658  0
659  0
660  1
661  1
662  4
663  0
664  0
665  1
666  1
667  0
668  2
669  2
670  1
671  2
672  1
673  1
674  2
675  4
676  0
677  2
678  0
679  0
680  0
681  0
682  0
683  0
684  0
685  0
686  0
687  0
688  0
689  0
690  0
691  0
692  0
693  0
694  0
695  0
696  0
697  0
698  0
699  0
700  0
701  0
702  0
703  0
704  0
705  0
706  0
707  0
708  0
709  0
710  0
711  0
712  0
713  0
714  0
715  0
716  0
717  0
718  0
719  0
720  0
721  0
722  0
723  0
724  0
725  0
726  0
727  0
728  0
729  1
730  0
731  0
732  0
733  0
734  0
735  0
736  0
737  0
738  0
739  0
740  0
741  0
742  0
743  0
744  0
745  0
746  0
747  0
748  0
749  0
750  0
751  0
752  0
753  0
754  0
755  0
756  0
757  0
758  0
759  0
760  0
761  0
762  0
763  0
764  0
765  0
766  0
767  0
768  0
769  0
770  0
771  0
772  0
773  0
774  0
775  0
776  0
777  0
778  0
779  0
780  0
781  0
782  0
783  0
784  0
785  0
786  0
787  0
788  0
789  0
790  0
791  0
792  0
793  0
794  0
795  0
796  0
797  0
798  0
799  0
800  0
801  0
802  0
803  0
804  0
805  0
806  0
807  0
808  0
809  0
810  0
811  0
812  0
813  0
814  0
815  0
816  0
817  0
818  0
819  0
820  0
821  0
822  0
823  0
824  0
825  0
826  0
827  0
828  0
829  0
830  0
831  0
832  0
833  0
834  0
835  0
836  0
837  0
838  0
839  0
840  0
841  0
842  0
843  0
844  0
845  0
846  0
847  0
848  0
849  0
850  0
851  0
852  0
853  0
854  0
855  0
856  0
857  0
858  0
859  0
860  0
861  0
862  0
863  0
864  0
865  0
866  0
867  0
868  0
869  0
870  0
871  0
872  0
873  0
874  0
875  0
876  0
877  0
878  0
879  0
880  0
881  0
882  0
883  0
884  0
885  0
886  0
887  0
888  0
889  0
890  0
891  0
892  0
893  0
894  0
895  0
896  0
897  0
898  0
899  0
900  0
901  0
902  0
903  0
904  0
905  0
906  0
907  0
908  0
909  0
910  0
911  0
912  0
913  0
914  0
915  0
916  0
917  0
918  0
919  0
920  0
921  0
922  0
923  0
924  0
925  0
926  0
927  0
928  0
929  0
930  0
931  0
932  0
933  0
934  0
935  0
936  0
937  0
938  0
939  0
940  0
941  0
942  0
943  0
944  0
945  0
946  0
947  0
948  0
949  0
950  0
951  0
952  0
953  0
954  0
955  0
956  0
957  0
958  0
959  0
960  0
961  0
962  0
963  0
964  0
965  0
966  0
967  0
968  0
969  0
970  0
971  0
972  0
973  0
974  0
975  0
976  0
977  0
978  0
979  0
980  0
981  0
982  0
983  0
984  0
985  0
986  0
987  0
988  0
989  0
990  0
991  0
992  0
993  0
994  0
995  0
996  0
997  0
998  0
999  0
1000  0
1001  0
1002  0
1003  0
1004  0
1005  0
1006  0
1007  0
1008  0
1009  0
1010  0
1011  0
1012  0
1013  0
1014  0
1015  0
1016  0
1017  0
1018  0
1019  0
1020  0
1021  0
1022  0
1023  0
