0  0
1  0
2  0
3  0
4  0
5  0
6  0
7  0
8  0
9  0
10  0
11  0
12  0
13  0
14  0
15  0
16  0
17  0
18  0
19  0
20  0
21  0
22  0
23  0
24  0
25  0
26  0
27  0
28  0
29  0
30  0
31  0
32  0
33  0
34  0
35  0
36  0
37  0
38  0
39  0
40  0
41  0
42  0
43  37
44  46
45  36
46  26
47  49
48  34
49  36
50  33
51  28
52  27
53  28
54  47
55  43
56  25
57  29
58  26
59  19
60  22
61  24
62  24
63  21
64  27
65  19
66  22
67  20
68  16
69  26
70  18
71  20
72  17
73  23
74  22
75  17
76  31
77  28
78  24
79  25
80  18
81  16
82  16
83  24
84  19
85  24
86  24
87  25
88  25
89  23
90  24
91  29
92  24
93  13
94  21
95  20
96  29
97  21
98  22
99  22
100  25
101  15
102  18
103  23
104  21
105  17
106  23
107  19
108  16
109  16
110  14
111  18
112  30
113  26
114  29
115  22
116  23
117  22
118  24
119  27
120  22
121  23
122  23
123  26
124  17
125  29
126  28
127  28
128  36
129  21
130  31
131  32
132  34
133  40
134  42
135  35
136  44
137  44
138  45
139  45
140  45
141  67
142  52
143  46
144  55
145  61
146  60
147  69
148  64
149  74
150  64
151  79
152  63
153  72
154  88
155  87
156  83
157  88
158  89
159  132
160  108
161  142
162  124
163  131
164  137
165  153
166  159
167  144
168  154
169  189
170  175
171  200
172  214
173  196
174  256
175  224
176  249
177  261
178  288
179  324
180  405
181  441
182  471
183  504
184  476
185  544
186  637
187  746
188  909
189  1315
190  1808
191  2513
192  3217
193  3294
194  3833
195  5068
196  9997
197  26408
198  57656
199  60211
200  20472
201  1831
202  67
203  15
204  8
205  6
206  1
207  5
208  4
209  0
210  0
211  2
212  1
213  4
214  2
215  0
216  0
217  0
218  0
219  0
220  1
221  2
222  1
223  1
224  0
225  1
226  0
227  2
228  1
229  1
230  0
231  2
232  0
233  0
234  0
235  2
236  0
237  0
238  0
239  0
240  1
241  0
242  2
243  0
244  0
245  1
246  0
247  0
248  1
249  0
250  1
251  1
252  3
253  1
254  0
255  7
256  7
257  8
258  10
259  14
260  11
261  10
262  11
263  9
264  9
265  6
266  7
267  13
268  9
269  9
270  5
271  14
272  11
273  13
274  8
275  9
276  9
277  2
278  3
279  8
280  5
281  6
282  5
283  2
284  8
285  5
286  3
287  4
288  8
289  11
290  6
291  7
292  7
293  10
294  4
295  9
296  4
297  4
298  6
299  9
300  8
301  10
302  7
303  11
304  3
305  3
306  5
307  5
308  4
309  7
310  11
311  5
312  6
313  8
314  10
315  10
316  4
317  2
318  6
319  7
320  3
321  5
322  4
323  15
324  5
325  5
326  4
327  6
328  5
329  7
330  7
331  9
332  5
333  9
334  7
335  2
336  4
337  6
338  4
339  4
340  5
341  10
342  6
343  7
344  11
345  6
346  5
347  7
348  4
349  6
350  9
351  9
352  9
353  5
354  4
355  8
356  9
357  7
358  6
359  10
360  9
361  6
362  6
363  6
364  7
365  5
366  8
367  8
368  11
369  13
370  10
371  6
372  12
373  6
374  6
375  15
376  9
377  5
378  9
379  6
380  16
381  7
382  8
383  11
384  7
385  4
386  11
387  13
388  14
389  9
390  10
391  13
392  9
393  14
394  11
395  13
396  26
397  23
398  15
399  18
400  21
401  21
402  19
403  9
404  3
405  1
406  0
407  0
408  0
409  0
410  0
411  0
412  0
413  0
414  0
415  0
416  0
417  0
418  0
419  0
420  0
421  0
422  0
423  0
424  0
425  0
426  0
427  0
428  0
429  0
430  0
431  0
432  0
433  0
434  0
435  0
436  0
437  0
438  0
439  1
440  0
441  0
442  0
443  0
444  0
445  0
446  0
447  0
448  1
449  0
450  0
451  1
452  0
453  0
454  0
455  0
456  0
457  0
458  0
459  0
460  0
461  0
462  0
463  0
464  0
465  0
466  0
467  0
468  1
469  0
470  0
471  0
472  0
473  1
474  1
475  691
476  4747
477  204
478  2
479  1
480  0
481  1
482  0
483  2
484  1
485  0
486  1
487  0
488  1
489  0
490  0
491  1
492  1
493  0
494  0
495  0
496  0
497  0
498  0
499  0
500  0
501  1
502  0
503  0
504  0
505  0
506  0
507  0
508  0
509  0
510  2
511  0
512  0
513  0
514  0
515  0
516  1
517  0
518  0
519  0
520  0
521  1
522  1
523  0
524  0
525  0
526  0
527  1
528  0
529  0
530  1
531  0
532  0
533  0
534  0
535  1
536  0
537  0
538  0
539  0
540  0
541  0
542  0
543  1
544  1
545  1
546  1
547  0
548  0
549  1
550  0
551  0
552  0
553  1
554  0
555  0
556  0
557  1
558  1
559  0
560  1
561  0
562  0
563  0
564  1
565  0
566  0
567  1
568  1
569  0
570  2
571  1
572  0
573  1
574  1
575  0
576  0
577  0
578  0
579  0
580  0
581  0
582  0
583  1
584  0
585  2
586  0
587  0
588  1
589  0
590  0
591  0
592  1
593  0
594  0
595  0
596  0
597  0
598  0
599  1
600  0
601  0
602  0
603  0
604  1
605  1
606  0
607  0
608  0
609  1
610  0
611  2
612  0
613  0
614  2
615  2
616  0
617  1
618  2
619  0
620  2
621  0
622  0
623  0
624  0
625  0
626  0
627  1
628  0
629  1
630  1
631  0
632  0
633  0
634  0
635  0
636  0
637  0
638  0
639  0
640  0
641  0
642  2
643  0
644  0
645  0
646  0
647  0
648  1
649  0
650  0
651  0
652  1
653  1
654  0
655  0
656  0
657  0
658  0
659  1
660  0
661  1
662  1
663  1
664  0
665  0
666  0
667  1
668  0
669  0
670  0
671  2
672  1
673  1
674  1
675  1
676  1
677  2
678  0
679  1
680  0
681  0
682  0
683  0
684  0
685  0
686  0
687  0
688  0
689  0
690  0
691  0
692  0
693  0
694  0
695  0
696  0
697  0
698  0
699  0
700  0
701  0
702  0
703  0
704  0
705  0
706  0
707  0
708  0
709  0
710  0
711  0
712  0
713  0
714  0
715  0
716  0
717  0
718  0
719  0
720  0
721  0
722  0
723  0
724  0
725  0
726  0
727  0
728  0
729  0
730  0
731  0
732  0
733  0
734  0
735  0
736  0
737  0
738  0
739  0
740  0
741  0
742  0
743  0
744  0
745  0
746  0
747  0
748  0
749  0
750  0
751  0
752  0
753  0
754  0
755  0
756  0
757  0
758  0
759  0
760  0
761  0
762  0
763  0
764  0
765  0
766  0
767  0
768  0
769  0
770  0
771  0
772  0
773  0
774  0
775  0
776  0
777  0
778  0
779  0
780  0
781  0
782  0
783  0
784  0
785  0
786  0
787  0
788  0
789  0
790  0
791  0
792  0
793  0
794  0
795  0
796  0
797  0
798  0
799  0
800  0
801  0
802  0
803  0
804  0
805  0
806  0
807  0
808  0
809  0
810  0
811  0
812  0
813  0
814  0
815  0
816  0
817  0
818  0
819  0
820  0
821  0
822  0
823  0
824  0
825  0
826  0
827  0
828  0
829  0
830  0
831  0
832  0
833  0
834  0
835  0
836  0
837  0
838  0
839  0
840  0
841  0
842  0
843  0
844  0
845  0
846  0
847  0
848  0
849  0
850  0
851  0
852  0
853  0
854  0
855  0
856  0
857  0
858  0
859  0
860  0
861  0
862  0
863  0
864  0
865  0
866  0
867  0
868  0
869  0
870  0
871  0
872  0
873  0
874  0
875  0
876  0
877  0
878  0
879  0
880  0
881  0
882  0
883  0
884  0
885  0
886  0
887  0
888  0
889  0
890  0
891  0
892  0
893  0
894  0
895  0
896  0
897  0
898  0
899  0
900  0
901  0
902  0
903  0
904  0
905  0
906  0
907  0
908  0
909  0
910  0
911  0
912  0
913  0
914  0
915  0
916  0
917  0
918  0
919  0
920  0
921  0
922  0
923  0
924  0
925  0
926  0
927  0
928  0
929  0
930  0
931  0
932  0
933  0
934  0
935  0
936  0
937  0
938  0
939  0
940  0
941  0
942  0
943  0
944  0
945  0
946  0
947  0
948  0
949  0
950  0
951  0
952  0
953  0
954  0
955  0
956  0
957  0
958  0
959  0
960  0
961  0
962  0
963  0
964  0
965  0
966  0
967  0
968  0
969  0
970  0
971  0
972  0
973  0
974  0
975  0
976  0
977  0
978  0
979  0
980  0
981  0
982  0
983  0
984  0
985  0
986  0
987  0
988  0
989  0
990  0
991  0
992  0
993  0
994  0
995  0
996  0
997  0
998  0
999  0
1000  0
1001  0
1002  0
1003  0
1004  0
1005  0
1006  0
1007  0
1008  0
1009  0
1010  0
1011  0
1012  0
1013  0
1014  0
1015  0
1016  0
1017  0
1018  0
1019  0
1020  0
1021  0
1022  0
1023  0
