0  0
1  0
2  0
3  0
4  0
5  0
6  0
7  0
8  0
9  0
10  0
11  0
12  0
13  0
14  0
15  0
16  0
17  0
18  0
19  0
20  0
21  0
22  0
23  0
24  0
25  0
26  0
27  0
28  0
29  0
30  0
31  0
32  0
33  0
34  0
35  0
36  0
37  0
38  0
39  0
40  0
41  0
42  0
43  16
44  24
45  23
46  16
47  30
48  14
49  27
50  27
51  17
52  22
53  27
54  22
55  15
56  15
57  16
58  14
59  20
60  10
61  15
62  13
63  16
64  16
65  19
66  17
67  9
68  17
69  10
70  8
71  14
72  16
73  13
74  16
75  8
76  12
77  13
78  14
79  8
80  13
81  10
82  12
83  8
84  11
85  18
86  12
87  16
88  9
89  21
90  15
91  12
92  15
93  12
94  12
95  12
96  15
97  15
98  13
99  17
100  16
101  12
102  28
103  8
104  13
105  17
106  6
107  14
108  13
109  10
110  17
111  19
112  12
113  7
114  12
115  12
116  26
117  20
118  19
119  2
120  10
121  19
122  18
123  14
124  16
125  22
126  23
127  20
128  21
129  20
130  25
131  25
132  24
133  21
134  24
135  17
136  25
137  36
138  21
139  25
140  21
141  34
142  35
143  31
144  37
145  47
146  47
147  46
148  47
149  36
150  55
151  38
152  51
153  62
154  56
155  56
156  57
157  73
158  65
159  82
160  78
161  70
162  92
163  87
164  98
165  96
166  92
167  101
168  124
169  109
170  128
171  142
172  155
173  147
174  173
175  175
176  205
177  221
178  246
179  228
180  260
181  220
182  280
183  314
184  341
185  391
186  466
187  506
188  666
189  960
190  1390
191  1774
192  2097
193  2284
194  2752
195  4188
196  8542
197  21492
198  40465
199  34917
200  9846
201  820
202  30
203  2
204  1
205  5
206  2
207  3
208  0
209  2
210  1
211  1
212  0
213  1
214  0
215  0
216  1
217  0
218  1
219  1
220  0
221  2
222  0
223  1
224  1
225  2
226  0
227  0
228  0
229  0
230  0
231  1
232  1
233  0
234  1
235  0
236  0
237  0
238  0
239  1
240  0
241  1
242  0
243  1
244  0
245  3
246  1
247  0
248  0
249  1
250  2
251  1
252  1
253  1
254  2
255  3
256  2
257  5
258  4
259  5
260  9
261  2
262  6
263  6
264  4
265  7
266  8
267  3
268  6
269  5
270  4
271  5
272  4
273  4
274  4
275  2
276  5
277  2
278  3
279  6
280  4
281  0
282  3
283  1
284  4
285  3
286  2
287  1
288  3
289  4
290  5
291  4
292  3
293  4
294  2
295  7
296  2
297  4
298  1
299  5
300  3
301  5
302  5
303  3
304  5
305  5
306  7
307  4
308  3
309  3
310  3
311  2
312  3
313  4
314  5
315  3
316  2
317  2
318  3
319  2
320  6
321  3
322  1
323  1
324  1
325  0
326  3
327  3
328  2
329  3
330  5
331  1
332  7
333  3
334  4
335  3
336  6
337  2
338  3
339  3
340  1
341  1
342  0
343  4
344  4
345  4
346  4
347  7
348  3
349  5
350  3
351  6
352  1
353  1
354  4
355  7
356  5
357  3
358  9
359  8
360  3
361  4
362  5
363  2
364  5
365  7
366  8
367  8
368  4
369  5
370  2
371  3
372  4
373  5
374  5
375  6
376  5
377  3
378  4
379  2
380  4
381  5
382  4
383  8
384  6
385  9
386  8
387  8
388  8
389  5
390  9
391  6
392  8
393  7
394  7
395  13
396  9
397  17
398  8
399  16
400  13
401  17
402  4
403  1
404  0
405  0
406  0
407  0
408  0
409  0
410  0
411  0
412  0
413  0
414  0
415  0
416  0
417  0
418  0
419  0
420  0
421  0
422  0
423  0
424  0
425  0
426  0
427  0
428  0
429  0
430  0
431  0
432  0
433  0
434  0
435  0
436  0
437  0
438  0
439  0
440  0
441  0
442  0
443  0
444  0
445  0
446  0
447  0
448  0
449  0
450  0
451  0
452  0
453  0
454  0
455  0
456  0
457  0
458  0
459  0
460  0
461  0
462  0
463  0
464  0
465  0
466  0
467  0
468  0
469  0
470  0
471  0
472  0
473  1
474  0
475  241
476  4125
477  463
478  0
479  0
480  0
481  0
482  0
483  1
484  0
485  1
486  0
487  0
488  1
489  0
490  0
491  0
492  1
493  1
494  0
495  0
496  0
497  0
498  0
499  1
500  0
501  0
502  0
503  0
504  0
505  0
506  0
507  0
508  0
509  0
510  1
511  0
512  0
513  0
514  0
515  0
516  1
517  0
518  0
519  0
520  0
521  0
522  0
523  1
524  0
525  1
526  0
527  0
528  0
529  0
530  0
531  0
532  0
533  0
534  0
535  0
536  0
537  0
538  1
539  0
540  0
541  0
542  1
543  0
544  0
545  0
546  0
547  0
548  1
549  0
550  0
551  0
552  0
553  0
554  0
555  0
556  0
557  1
558  1
559  0
560  1
561  0
562  2
563  0
564  0
565  0
566  0
567  0
568  1
569  0
570  0
571  0
572  1
573  0
574  0
575  1
576  0
577  0
578  0
579  1
580  0
581  0
582  0
583  0
584  1
585  0
586  0
587  0
588  0
589  0
590  0
591  0
592  0
593  1
594  0
595  0
596  0
597  1
598  0
599  1
600  0
601  0
602  0
603  0
604  0
605  0
606  0
607  0
608  1
609  1
610  1
611  1
612  0
613  1
614  0
615  1
616  0
617  0
618  0
619  0
620  0
621  0
622  0
623  0
624  0
625  0
626  0
627  0
628  0
629  0
630  0
631  0
632  0
633  1
634  0
635  0
636  0
637  0
638  0
639  0
640  0
641  0
642  0
643  0
644  0
645  1
646  0
647  0
648  0
649  0
650  0
651  1
652  0
653  0
654  0
655  1
656  1
657  1
658  0
659  0
660  0
661  1
662  0
663  1
664  1
665  1
666  1
667  1
668  0
669  0
670  0
671  1
672  0
673  0
674  0
675  0
676  1
677  0
678  1
679  1
680  0
681  0
682  0
683  0
684  0
685  0
686  0
687  0
688  0
689  0
690  0
691  0
692  0
693  0
694  0
695  0
696  0
697  0
698  0
699  0
700  0
701  0
702  0
703  0
704  0
705  0
706  0
707  0
708  0
709  0
710  0
711  0
712  0
713  0
714  0
715  0
716  0
717  0
718  0
719  0
720  0
721  0
722  0
723  0
724  0
725  0
726  0
727  0
728  0
729  0
730  0
731  0
732  0
733  0
734  0
735  0
736  0
737  0
738  0
739  0
740  0
741  0
742  0
743  0
744  0
745  0
746  0
747  0
748  0
749  0
750  0
751  0
752  0
753  0
754  0
755  0
756  0
757  0
758  0
759  0
760  0
761  0
762  0
763  0
764  0
765  0
766  0
767  0
768  0
769  0
770  0
771  0
772  0
773  0
774  0
775  0
776  0
777  0
778  0
779  0
780  0
781  0
782  0
783  0
784  0
785  0
786  0
787  0
788  0
789  0
790  0
791  0
792  0
793  0
794  0
795  0
796  0
797  0
798  0
799  0
800  0
801  0
802  0
803  0
804  0
805  0
806  0
807  0
808  0
809  0
810  0
811  0
812  0
813  0
814  0
815  0
816  0
817  0
818  0
819  0
820  0
821  0
822  0
823  0
824  0
825  0
826  0
827  0
828  0
829  0
830  0
831  0
832  0
833  0
834  0
835  0
836  0
837  0
838  0
839  0
840  0
841  0
842  0
843  0
844  0
845  0
846  0
847  0
848  0
849  0
850  0
851  0
852  0
853  0
854  0
855  0
856  0
857  0
858  0
859  0
860  0
861  0
862  0
863  0
864  0
865  0
866  0
867  0
868  0
869  0
870  0
871  0
872  0
873  0
874  0
875  0
876  0
877  0
878  0
879  0
880  0
881  0
882  0
883  0
884  0
885  0
886  0
887  0
888  0
889  0
890  0
891  0
892  0
893  0
894  0
895  0
896  0
897  0
898  0
899  0
900  0
901  0
902  0
903  0
904  0
905  0
906  0
907  0
908  0
909  0
910  0
911  0
912  0
913  0
914  0
915  0
916  0
917  0
918  0
919  0
920  0
921  0
922  0
923  0
924  0
925  0
926  0
927  0
928  0
929  0
930  0
931  0
932  0
933  0
934  0
935  0
936  0
937  0
938  0
939  0
940  0
941  0
942  0
943  0
944  0
945  0
946  0
947  0
948  0
949  0
950  0
951  0
952  0
953  0
954  0
955  0
956  0
957  0
958  0
959  0
960  0
961  0
962  0
963  0
964  0
965  0
966  0
967  0
968  0
969  0
970  0
971  0
972  0
973  0
974  0
975  0
976  0
977  0
978  0
979  0
980  0
981  0
982  0
983  0
984  0
985  0
986  0
987  0
988  0
989  0
990  0
991  0
992  0
993  0
994  0
995  0
996  0
997  0
998  0
999  0
1000  0
1001  0
1002  0
1003  0
1004  0
1005  0
1006  0
1007  0
1008  0
1009  0
1010  0
1011  0
1012  0
1013  0
1014  0
1015  0
1016  0
1017  0
1018  0
1019  0
1020  0
1021  0
1022  0
1023  0
