0  0
1  0
2  0
3  0
4  0
5  0
6  0
7  0
8  0
9  0
10  0
11  0
12  0
13  0
14  0
15  0
16  0
17  0
18  0
19  0
20  0
21  0
22  0
23  0
24  0
25  0
26  0
27  0
28  0
29  0
30  0
31  0
32  0
33  0
34  0
35  0
36  0
37  0
38  0
39  0
40  0
41  0
42  0
43  0
44  0
45  10
46  6
47  10
48  8
49  3
50  7
51  3
52  8
53  7
54  5
55  1
56  7
57  10
58  4
59  6
60  3
61  2
62  11
63  2
64  3
65  6
66  3
67  10
68  5
69  2
70  3
71  3
72  6
73  0
74  2
75  6
76  1
77  1
78  4
79  3
80  3
81  5
82  5
83  4
84  8
85  8
86  3
87  2
88  4
89  5
90  0
91  1
92  4
93  5
94  4
95  2
96  5
97  4
98  2
99  4
100  1
101  3
102  3
103  3
104  2
105  0
106  0
107  1
108  1
109  4
110  2
111  1
112  1
113  2
114  1
115  1
116  0
117  2
118  2
119  2
120  0
121  3
122  1
123  0
124  4
125  0
126  2
127  5
128  1
129  3
130  1
131  5
132  0
133  0
134  2
135  0
136  2
137  1
138  2
139  2
140  1
141  2
142  2
143  3
144  1
145  3
146  1
147  0
148  2
149  0
150  3
151  1
152  1
153  0
154  1
155  1
156  0
157  1
158  1
159  2
160  0
161  1
162  5
163  1
164  3
165  3
166  0
167  0
168  2
169  4
170  0
171  1
172  3
173  4
174  2
175  3
176  3
177  1
178  2
179  1
180  2
181  3
182  3
183  1
184  2
185  3
186  2
187  1
188  5
189  5
190  3
191  4
192  2
193  4
194  1
195  1
196  3
197  1
198  1
199  1
200  1
201  6
202  3
203  1
204  2
205  1
206  0
207  0
208  4
209  1
210  3
211  1
212  2
213  3
214  3
215  4
216  1
217  2
218  2
219  2
220  1
221  4
222  1
223  1
224  0
225  0
226  2
227  0
228  4
229  2
230  1
231  1
232  2
233  1
234  2
235  1
236  2
237  4
238  4
239  3
240  1
241  2
242  2
243  4
244  3
245  1
246  4
247  5
248  3
249  3
250  3
251  6
252  0
253  1
254  3
255  4
256  3
257  2
258  1
259  6
260  8
261  6
262  7
263  6
264  1
265  1
266  7
267  1
268  7
269  5
270  7
271  3
272  4
273  6
274  6
275  12
276  12
277  9
278  6
279  8
280  7
281  7
282  8
283  10
284  10
285  6
286  18
287  10
288  10
289  8
290  17
291  9
292  8
293  9
294  9
295  8
296  11
297  13
298  7
299  11
300  14
301  23
302  16
303  15
304  23
305  19
306  22
307  37
308  35
309  37
310  42
311  61
312  52
313  48
314  72
315  42
316  45
317  57
318  60
319  67
320  76
321  91
322  82
323  85
324  100
325  102
326  106
327  118
328  172
329  258
330  353
331  346
332  451
333  541
334  584
335  645
336  601
337  640
338  669
339  636
340  625
341  628
342  592
343  661
344  619
345  629
346  660
347  596
348  448
349  255
350  99
351  35
352  6
353  1
354  0
355  2
356  0
357  0
358  0
359  0
360  0
361  0
362  0
363  0
364  0
365  0
366  0
367  0
368  0
369  0
370  0
371  0
372  0
373  0
374  0
375  0
376  0
377  0
378  0
379  0
380  0
381  0
382  0
383  0
384  0
385  0
386  0
387  0
388  0
389  0
390  0
391  0
392  0
393  0
394  0
395  0
396  0
397  0
398  0
399  0
400  0
401  0
402  0
403  0
404  0
405  0
406  0
407  0
408  1
409  0
410  0
411  0
412  0
413  0
414  0
415  0
416  0
417  0
418  0
419  0
420  0
421  0
422  0
423  0
424  0
425  0
426  0
427  0
428  0
429  0
430  0
431  0
432  0
433  0
434  0
435  0
436  0
437  0
438  0
439  0
440  0
441  0
442  0
443  0
444  0
445  0
446  0
447  0
448  0
449  0
450  0
451  0
452  0
453  0
454  0
455  0
456  0
457  0
458  0
459  0
460  0
461  0
462  0
463  0
464  0
465  0
466  0
467  0
468  0
469  0
470  0
471  0
472  0
473  0
474  0
475  0
476  0
477  0
478  0
479  0
480  0
481  0
482  0
483  0
484  0
485  0
486  0
487  0
488  0
489  0
490  0
491  0
492  0
493  0
494  0
495  0
496  0
497  0
498  0
499  0
500  0
501  0
502  0
503  0
504  0
505  0
506  0
507  0
508  0
509  0
510  0
511  0
512  0
513  0
514  0
515  0
516  0
517  0
518  0
519  0
520  0
521  1
522  0
523  0
524  0
525  0
526  0
527  0
528  0
529  0
530  0
531  0
532  0
533  0
534  0
535  0
536  0
537  0
538  0
539  0
540  0
541  0
542  0
543  0
544  0
545  0
546  0
547  0
548  0
549  1
550  0
551  0
552  0
553  0
554  0
555  0
556  0
557  0
558  0
559  0
560  0
561  0
562  0
563  0
564  0
565  0
566  0
567  0
568  0
569  0
570  0
571  0
572  0
573  0
574  0
575  0
576  0
577  0
578  0
579  0
580  0
581  0
582  0
583  0
584  0
585  0
586  0
587  0
588  1
589  0
590  0
591  0
592  0
593  0
594  0
595  0
596  0
597  0
598  0
599  0
600  0
601  0
602  0
603  0
604  0
605  0
606  0
607  0
608  0
609  0
610  0
611  0
612  0
613  0
614  0
615  0
616  0
617  0
618  0
619  0
620  0
621  0
622  0
623  0
624  0
625  0
626  0
627  0
628  0
629  0
630  0
631  0
632  0
633  0
634  0
635  0
636  0
637  0
638  0
639  0
640  0
641  0
642  0
643  0
644  0
645  0
646  0
647  0
648  0
649  0
650  0
651  0
652  0
653  0
654  0
655  0
656  0
657  0
658  0
659  0
660  0
661  0
662  0
663  0
664  0
665  0
666  0
667  0
668  0
669  0
670  0
671  0
672  0
673  0
674  0
675  0
676  0
677  0
678  0
679  0
680  0
681  0
682  0
683  0
684  0
685  0
686  0
687  0
688  0
689  0
690  0
691  0
692  0
693  0
694  0
695  0
696  0
697  0
698  0
699  0
700  0
701  0
702  0
703  0
704  0
705  0
706  0
707  0
708  0
709  0
710  0
711  0
712  0
713  0
714  0
715  0
716  0
717  0
718  0
719  0
720  0
721  0
722  0
723  0
724  0
725  0
726  0
727  0
728  0
729  0
730  0
731  0
732  0
733  0
734  0
735  0
736  0
737  0
738  0
739  0
740  0
741  0
742  0
743  0
744  0
745  0
746  0
747  0
748  0
749  0
750  0
751  0
752  0
753  0
754  0
755  0
756  0
757  0
758  0
759  0
760  0
761  0
762  0
763  0
764  0
765  0
766  0
767  0
768  0
769  0
770  0
771  0
772  0
773  0
774  0
775  0
776  0
777  0
778  0
779  0
780  0
781  0
782  0
783  0
784  0
785  0
786  0
787  0
788  0
789  0
790  0
791  0
792  0
793  0
794  0
795  0
796  0
797  0
798  0
799  0
800  0
801  0
802  0
803  0
804  0
805  0
806  0
807  0
808  0
809  0
810  0
811  0
812  0
813  0
814  0
815  0
816  0
817  0
818  0
819  0
820  0
821  0
822  0
823  0
824  0
825  0
826  0
827  0
828  0
829  0
830  0
831  0
832  0
833  0
834  0
835  0
836  0
837  0
838  0
839  0
840  0
841  0
842  0
843  0
844  0
845  0
846  0
847  0
848  0
849  0
850  0
851  0
852  0
853  0
854  0
855  0
856  0
857  0
858  0
859  0
860  0
861  0
862  0
863  0
864  0
865  0
866  0
867  0
868  0
869  0
870  0
871  0
872  0
873  0
874  0
875  0
876  0
877  0
878  0
879  0
880  0
881  0
882  0
883  0
884  0
885  22
886  687
887  2649
888  1520
889  122
890  3
891  1
892  0
893  0
894  0
895  0
896  0
897  0
898  0
899  0
900  0
901  0
902  0
903  0
904  0
905  0
906  0
907  0
908  0
909  0
910  0
911  0
912  0
913  0
914  0
915  0
916  0
917  0
918  0
919  0
920  0
921  0
922  0
923  0
924  0
925  0
926  0
927  0
928  0
929  0
930  0
931  0
932  0
933  0
934  0
935  0
936  0
937  0
938  0
939  0
940  0
941  0
942  0
943  1
944  0
945  0
946  0
947  0
948  0
949  0
950  0
951  0
952  0
953  0
954  0
955  0
956  0
957  0
958  0
959  0
960  0
961  0
962  0
963  0
964  0
965  0
966  0
967  0
968  0
969  0
970  0
971  0
972  0
973  0
974  0
975  0
976  0
977  0
978  0
979  0
980  0
981  0
982  0
983  0
984  0
985  0
986  0
987  0
988  0
989  0
990  0
991  0
992  0
993  0
994  0
995  0
996  0
997  0
998  0
999  0
1000  0
1001  0
1002  0
1003  0
1004  0
1005  0
1006  0
1007  0
1008  0
1009  0
1010  0
1011  0
1012  0
1013  0
1014  0
1015  0
1016  0
1017  0
1018  0
1019  0
1020  0
1021  0
1022  0
1023  0
