0  0
1  0
2  0
3  0
4  0
5  0
6  0
7  0
8  0
9  0
10  0
11  0
12  0
13  0
14  0
15  0
16  0
17  0
18  0
19  0
20  0
21  0
22  0
23  0
24  0
25  0
26  0
27  0
28  0
29  0
30  0
31  0
32  0
33  0
34  0
35  0
36  0
37  0
38  0
39  0
40  0
41  0
42  2
43  21
44  9
45  16
46  11
47  8
48  13
49  7
50  6
51  8
52  14
53  14
54  8
55  7
56  10
57  8
58  9
59  10
60  7
61  6
62  4
63  5
64  7
65  8
66  5
67  8
68  8
69  3
70  5
71  6
72  4
73  4
74  4
75  8
76  11
77  6
78  2
79  4
80  6
81  3
82  3
83  4
84  4
85  4
86  3
87  2
88  1
89  1
90  4
91  2
92  7
93  3
94  3
95  1
96  7
97  6
98  2
99  8
100  4
101  1
102  1
103  0
104  2
105  3
106  0
107  1
108  3
109  1
110  4
111  2
112  3
113  1
114  1
115  1
116  1
117  1
118  1
119  2
120  2
121  3
122  6
123  2
124  4
125  2
126  3
127  4
128  2
129  2
130  2
131  2
132  3
133  3
134  1
135  6
136  4
137  1
138  1
139  1
140  0
141  3
142  2
143  4
144  2
145  4
146  5
147  3
148  2
149  3
150  1
151  0
152  3
153  1
154  3
155  3
156  2
157  1
158  2
159  2
160  2
161  1
162  2
163  2
164  2
165  1
166  0
167  1
168  1
169  3
170  4
171  3
172  2
173  1
174  4
175  2
176  1
177  2
178  1
179  0
180  1
181  3
182  0
183  3
184  2
185  2
186  4
187  1
188  0
189  2
190  1
191  2
192  1
193  2
194  1
195  3
196  1
197  2
198  4
199  1
200  2
201  1
202  0
203  1
204  0
205  2
206  1
207  4
208  2
209  3
210  3
211  4
212  5
213  2
214  5
215  0
216  1
217  2
218  1
219  2
220  0
221  1
222  3
223  1
224  1
225  3
226  1
227  0
228  2
229  1
230  1
231  1
232  2
233  1
234  3
235  5
236  2
237  2
238  2
239  0
240  0
241  1
242  1
243  2
244  1
245  0
246  0
247  0
248  0
249  0
250  1
251  5
252  1
253  1
254  1
255  2
256  1
257  0
258  2
259  0
260  2
261  3
262  0
263  1
264  4
265  0
266  0
267  0
268  1
269  1
270  0
271  3
272  0
273  4
274  0
275  1
276  1
277  0
278  0
279  0
280  1
281  0
282  2
283  0
284  2
285  1
286  1
287  2
288  2
289  1
290  3
291  0
292  1
293  2
294  3
295  1
296  1
297  2
298  1
299  1
300  4
301  1
302  2
303  2
304  2
305  0
306  1
307  3
308  2
309  0
310  3
311  5
312  2
313  1
314  0
315  1
316  1
317  1
318  0
319  1
320  3
321  2
322  2
323  1
324  0
325  0
326  0
327  3
328  1
329  1
330  0
331  3
332  3
333  3
334  3
335  5
336  1
337  3
338  3
339  1
340  1
341  0
342  5
343  0
344  0
345  2
346  2
347  2
348  0
349  1
350  2
351  1
352  2
353  5
354  0
355  2
356  1
357  0
358  0
359  1
360  2
361  0
362  1
363  1
364  2
365  0
366  1
367  1
368  0
369  5
370  1
371  0
372  2
373  4
374  4
375  2
376  3
377  0
378  2
379  2
380  1
381  3
382  3
383  3
384  2
385  2
386  2
387  2
388  0
389  2
390  3
391  3
392  2
393  1
394  1
395  4
396  1
397  1
398  1
399  0
400  5
401  2
402  2
403  3
404  5
405  2
406  3
407  2
408  2
409  2
410  3
411  1
412  2
413  2
414  4
415  3
416  3
417  4
418  1
419  3
420  3
421  3
422  4
423  3
424  6
425  6
426  7
427  4
428  4
429  7
430  0
431  6
432  9
433  6
434  7
435  6
436  6
437  3
438  8
439  6
440  7
441  2
442  11
443  6
444  8
445  6
446  9
447  5
448  9
449  8
450  11
451  11
452  4
453  14
454  8
455  7
456  7
457  4
458  9
459  11
460  1
461  7
462  7
463  7
464  4
465  7
466  6
467  7
468  9
469  11
470  8
471  4
472  11
473  9
474  11
475  14
476  14
477  18
478  16
479  26
480  24
481  22
482  36
483  24
484  22
485  35
486  34
487  31
488  39
489  35
490  35
491  37
492  47
493  31
494  35
495  31
496  48
497  47
498  36
499  41
500  46
501  44
502  53
503  61
504  52
505  68
506  69
507  83
508  92
509  108
510  130
511  140
512  171
513  192
514  268
515  284
516  296
517  362
518  345
519  418
520  454
521  485
522  417
523  430
524  425
525  427
526  443
527  462
528  436
529  432
530  448
531  415
532  438
533  405
534  409
535  442
536  448
537  449
538  388
539  336
540  230
541  118
542  60
543  19
544  3
545  0
546  1
547  0
548  0
549  0
550  0
551  0
552  0
553  0
554  0
555  0
556  0
557  0
558  0
559  0
560  0
561  0
562  0
563  0
564  0
565  0
566  0
567  0
568  0
569  0
570  0
571  0
572  0
573  0
574  0
575  0
576  0
577  0
578  0
579  0
580  0
581  0
582  0
583  0
584  0
585  0
586  0
587  0
588  0
589  0
590  0
591  0
592  0
593  0
594  0
595  0
596  0
597  0
598  0
599  0
600  0
601  0
602  0
603  0
604  0
605  0
606  0
607  0
608  0
609  0
610  0
611  0
612  0
613  0
614  0
615  0
616  0
617  0
618  0
619  0
620  0
621  0
622  0
623  0
624  0
625  0
626  0
627  0
628  0
629  0
630  0
631  0
632  0
633  0
634  0
635  0
636  0
637  0
638  0
639  0
640  0
641  0
642  0
643  0
644  0
645  0
646  0
647  0
648  0
649  0
650  0
651  0
652  0
653  0
654  0
655  0
656  0
657  0
658  0
659  0
660  0
661  0
662  0
663  0
664  0
665  0
666  0
667  0
668  0
669  0
670  0
671  0
672  0
673  0
674  0
675  1
676  92
677  786
678  2419
679  2521
680  886
681  95
682  4
683  0
684  0
685  0
686  0
687  0
688  0
689  1
690  0
691  0
692  0
693  0
694  0
695  0
696  0
697  0
698  0
699  1
700  0
701  0
702  0
703  1
704  0
705  0
706  0
707  0
708  0
709  0
710  0
711  0
712  0
713  0
714  0
715  0
716  0
717  0
718  0
719  0
720  0
721  0
722  0
723  0
724  0
725  0
726  0
727  0
728  0
729  0
730  0
731  0
732  0
733  0
734  0
735  0
736  0
737  0
738  0
739  0
740  0
741  0
742  0
743  0
744  0
745  0
746  0
747  0
748  0
749  0
750  0
751  0
752  0
753  0
754  0
755  0
756  0
757  0
758  0
759  0
760  0
761  0
762  0
763  0
764  0
765  0
766  0
767  0
768  0
769  0
770  0
771  0
772  0
773  0
774  0
775  0
776  0
777  0
778  0
779  0
780  0
781  0
782  0
783  0
784  0
785  0
786  0
787  0
788  0
789  0
790  0
791  0
792  0
793  0
794  0
795  0
796  0
797  0
798  0
799  0
800  0
801  0
802  0
803  0
804  0
805  0
806  0
807  0
808  0
809  0
810  0
811  0
812  0
813  0
814  0
815  0
816  0
817  0
818  0
819  0
820  0
821  0
822  0
823  0
824  0
825  0
826  0
827  0
828  0
829  0
830  0
831  0
832  0
833  0
834  0
835  0
836  0
837  0
838  0
839  0
840  0
841  0
842  0
843  0
844  0
845  0
846  0
847  0
848  0
849  0
850  0
851  0
852  0
853  0
854  0
855  0
856  0
857  0
858  0
859  0
860  0
861  0
862  0
863  0
864  0
865  0
866  0
867  0
868  0
869  0
870  0
871  0
872  0
873  0
874  0
875  0
876  0
877  0
878  1
879  0
880  1
881  0
882  0
883  0
884  0
885  0
886  0
887  0
888  0
889  0
890  0
891  0
892  0
893  0
894  0
895  0
896  0
897  0
898  0
899  0
900  0
901  0
902  0
903  0
904  0
905  0
906  0
907  0
908  0
909  0
910  0
911  0
912  0
913  0
914  0
915  0
916  0
917  0
918  0
919  0
920  0
921  0
922  0
923  0
924  0
925  0
926  0
927  0
928  0
929  0
930  0
931  0
932  0
933  0
934  0
935  0
936  0
937  0
938  0
939  0
940  0
941  0
942  0
943  0
944  0
945  0
946  0
947  0
948  0
949  0
950  0
951  0
952  0
953  0
954  0
955  0
956  0
957  0
958  0
959  0
960  0
961  0
962  0
963  0
964  0
965  0
966  0
967  0
968  0
969  0
970  0
971  0
972  0
973  0
974  0
975  0
976  0
977  0
978  0
979  0
980  0
981  0
982  0
983  0
984  0
985  0
986  0
987  0
988  0
989  0
990  0
991  0
992  0
993  0
994  0
995  0
996  0
997  0
998  0
999  0
1000  0
1001  0
1002  0
1003  0
1004  0
1005  0
1006  1
1007  0
1008  0
1009  0
1010  0
1011  1
1012  0
1013  0
1014  0
1015  0
1016  0
1017  0
1018  0
1019  0
1020  0
1021  0
1022  0
1023  0
