0  0
1  0
2  0
3  0
4  0
5  0
6  0
7  0
8  0
9  0
10  0
11  0
12  0
13  0
14  0
15  0
16  0
17  0
18  0
19  0
20  0
21  0
22  0
23  0
24  0
25  0
26  0
27  0
28  0
29  0
30  0
31  0
32  0
33  0
34  0
35  0
36  0
37  0
38  0
39  0
40  0
41  0
42  0
43  14
44  28
45  27
46  19
47  18
48  12
49  24
50  17
51  22
52  24
53  14
54  17
55  19
56  21
57  15
58  15
59  14
60  15
61  22
62  15
63  16
64  11
65  16
66  12
67  19
68  17
69  12
70  18
71  16
72  12
73  9
74  10
75  18
76  12
77  15
78  19
79  10
80  10
81  13
82  7
83  13
84  16
85  13
86  17
87  14
88  13
89  16
90  11
91  26
92  11
93  15
94  22
95  13
96  20
97  17
98  22
99  11
100  20
101  22
102  15
103  22
104  18
105  22
106  20
107  22
108  15
109  17
110  19
111  16
112  26
113  14
114  17
115  27
116  22
117  30
118  20
119  21
120  27
121  22
122  33
123  27
124  43
125  31
126  35
127  37
128  45
129  49
130  53
131  65
132  64
133  88
134  72
135  66
136  80
137  62
138  57
139  50
140  84
141  62
142  72
143  46
144  53
145  61
146  82
147  77
148  71
149  66
150  81
151  59
152  75
153  80
154  81
155  96
156  92
157  88
158  98
159  86
160  92
161  102
162  120
163  121
164  134
165  136
166  113
167  144
168  140
169  149
170  159
171  154
172  182
173  205
174  213
175  252
176  254
177  271
178  304
179  347
180  394
181  479
182  532
183  788
184  1111
185  1546
186  1823
187  2066
188  2306
189  2804
190  3969
191  5530
192  8782
193  18988
194  37343
195  38320
196  15964
197  2343
198  180
199  21
200  11
201  6
202  2
203  1
204  1
205  4
206  1
207  0
208  4
209  0
210  2
211  3
212  3
213  0
214  2
215  0
216  1
217  0
218  1
219  1
220  2
221  0
222  1
223  1
224  0
225  2
226  2
227  0
228  0
229  0
230  1
231  0
232  0
233  0
234  1
235  0
236  0
237  2
238  2
239  1
240  1
241  1
242  0
243  0
244  0
245  2
246  1
247  3
248  1
249  2
250  4
251  4
252  2
253  12
254  2
255  6
256  4
257  6
258  6
259  5
260  5
261  3
262  7
263  2
264  4
265  7
266  8
267  8
268  6
269  1
270  7
271  2
272  8
273  2
274  3
275  3
276  4
277  2
278  6
279  4
280  5
281  2
282  5
283  4
284  3
285  4
286  5
287  2
288  1
289  5
290  4
291  3
292  4
293  3
294  8
295  3
296  3
297  4
298  3
299  5
300  0
301  3
302  6
303  5
304  7
305  2
306  1
307  3
308  6
309  0
310  4
311  2
312  6
313  3
314  3
315  3
316  3
317  4
318  6
319  2
320  0
321  3
322  3
323  4
324  1
325  2
326  5
327  4
328  2
329  1
330  3
331  2
332  2
333  2
334  4
335  6
336  3
337  2
338  1
339  1
340  1
341  5
342  3
343  3
344  4
345  5
346  3
347  8
348  5
349  4
350  3
351  2
352  3
353  6
354  4
355  4
356  6
357  3
358  9
359  10
360  2
361  7
362  7
363  4
364  5
365  5
366  9
367  2
368  7
369  7
370  7
371  6
372  5
373  4
374  1
375  6
376  5
377  9
378  7
379  7
380  4
381  4
382  7
383  5
384  11
385  12
386  11
387  10
388  16
389  16
390  9
391  11
392  12
393  12
394  7
395  7
396  2
397  1
398  0
399  0
400  0
401  0
402  0
403  0
404  0
405  0
406  0
407  0
408  0
409  0
410  0
411  0
412  0
413  0
414  0
415  0
416  0
417  0
418  0
419  0
420  0
421  0
422  0
423  0
424  0
425  0
426  0
427  0
428  0
429  0
430  0
431  0
432  0
433  0
434  0
435  0
436  0
437  0
438  0
439  0
440  0
441  0
442  0
443  0
444  0
445  0
446  0
447  0
448  0
449  0
450  0
451  0
452  0
453  0
454  0
455  0
456  0
457  0
458  0
459  0
460  0
461  0
462  0
463  0
464  0
465  0
466  0
467  0
468  0
469  0
470  0
471  0
472  0
473  0
474  4
475  310
476  4434
477  410
478  2
479  0
480  1
481  2
482  0
483  0
484  1
485  0
486  0
487  1
488  0
489  0
490  2
491  0
492  0
493  0
494  1
495  0
496  0
497  0
498  0
499  0
500  0
501  1
502  1
503  0
504  0
505  0
506  0
507  0
508  0
509  0
510  0
511  1
512  0
513  1
514  0
515  0
516  0
517  0
518  0
519  1
520  2
521  0
522  0
523  0
524  0
525  0
526  0
527  0
528  0
529  0
530  0
531  1
532  0
533  0
534  0
535  0
536  0
537  1
538  0
539  0
540  1
541  0
542  0
543  0
544  0
545  1
546  0
547  0
548  1
549  0
550  0
551  0
552  0
553  1
554  0
555  0
556  0
557  0
558  0
559  0
560  0
561  0
562  0
563  1
564  1
565  2
566  0
567  0
568  1
569  0
570  0
571  0
572  0
573  1
574  0
575  0
576  0
577  1
578  1
579  0
580  0
581  0
582  1
583  0
584  0
585  1
586  0
587  0
588  0
589  0
590  0
591  0
592  0
593  0
594  0
595  0
596  0
597  0
598  0
599  0
600  0
601  1
602  0
603  1
604  0
605  0
606  0
607  1
608  0
609  0
610  0
611  0
612  0
613  0
614  0
615  0
616  0
617  1
618  0
619  0
620  0
621  0
622  2
623  0
624  0
625  0
626  1
627  0
628  1
629  0
630  0
631  0
632  1
633  0
634  1
635  0
636  0
637  0
638  2
639  1
640  0
641  0
642  1
643  1
644  1
645  1
646  1
647  1
648  0
649  0
650  0
651  1
652  2
653  0
654  0
655  0
656  0
657  2
658  0
659  1
660  1
661  0
662  2
663  1
664  0
665  0
666  1
667  1
668  0
669  0
670  0
671  1
672  1
673  2
674  0
675  1
676  0
677  0
678  0
679  0
680  0
681  0
682  0
683  0
684  0
685  0
686  0
687  0
688  0
689  0
690  0
691  0
692  0
693  0
694  0
695  0
696  0
697  0
698  0
699  0
700  0
701  0
702  0
703  0
704  0
705  0
706  0
707  0
708  0
709  0
710  0
711  0
712  0
713  0
714  0
715  0
716  0
717  0
718  0
719  0
720  0
721  0
722  0
723  0
724  0
725  0
726  0
727  0
728  0
729  0
730  0
731  0
732  0
733  0
734  0
735  0
736  0
737  0
738  0
739  0
740  0
741  0
742  0
743  0
744  0
745  0
746  0
747  0
748  0
749  0
750  0
751  0
752  0
753  0
754  0
755  0
756  0
757  0
758  0
759  0
760  0
761  0
762  0
763  0
764  0
765  0
766  0
767  0
768  0
769  0
770  0
771  0
772  0
773  0
774  0
775  0
776  0
777  0
778  0
779  0
780  0
781  0
782  0
783  0
784  0
785  0
786  0
787  0
788  0
789  0
790  0
791  0
792  0
793  0
794  0
795  0
796  0
797  0
798  0
799  0
800  0
801  0
802  0
803  0
804  0
805  0
806  0
807  0
808  0
809  0
810  0
811  0
812  0
813  0
814  0
815  0
816  0
817  0
818  0
819  0
820  0
821  0
822  0
823  0
824  0
825  0
826  0
827  0
828  0
829  0
830  0
831  0
832  0
833  0
834  0
835  0
836  0
837  0
838  0
839  0
840  0
841  0
842  0
843  0
844  1
845  0
846  0
847  0
848  0
849  0
850  0
851  0
852  0
853  0
854  0
855  0
856  0
857  0
858  0
859  0
860  0
861  0
862  0
863  0
864  0
865  0
866  0
867  0
868  0
869  0
870  0
871  0
872  0
873  0
874  0
875  0
876  0
877  0
878  0
879  0
880  0
881  0
882  0
883  0
884  0
885  0
886  0
887  0
888  0
889  0
890  0
891  0
892  0
893  0
894  0
895  0
896  0
897  0
898  0
899  0
900  0
901  0
902  0
903  0
904  0
905  0
906  0
907  0
908  0
909  0
910  0
911  0
912  0
913  0
914  0
915  0
916  0
917  0
918  0
919  0
920  0
921  0
922  0
923  0
924  0
925  0
926  0
927  0
928  0
929  0
930  0
931  0
932  0
933  0
934  0
935  0
936  0
937  0
938  0
939  0
940  0
941  0
942  0
943  0
944  0
945  0
946  0
947  0
948  0
949  0
950  0
951  0
952  0
953  0
954  0
955  0
956  0
957  0
958  0
959  0
960  0
961  0
962  0
963  0
964  0
965  0
966  0
967  0
968  0
969  0
970  0
971  0
972  0
973  0
974  0
975  0
976  0
977  0
978  0
979  0
980  0
981  0
982  0
983  0
984  0
985  0
986  0
987  0
988  0
989  0
990  0
991  0
992  0
993  0
994  0
995  0
996  0
997  0
998  0
999  0
1000  0
1001  0
1002  0
1003  0
1004  0
1005  0
1006  0
1007  0
1008  0
1009  0
1010  0
1011  0
1012  0
1013  0
1014  0
1015  0
1016  0
1017  0
1018  0
1019  0
1020  0
1021  0
1022  0
1023  0
