0  0
1  0
2  0
3  0
4  0
5  0
6  0
7  0
8  0
9  0
10  0
11  0
12  0
13  0
14  0
15  0
16  0
17  0
18  0
19  0
20  0
21  0
22  0
23  0
24  0
25  0
26  0
27  0
28  0
29  0
30  0
31  0
32  0
33  0
34  0
35  0
36  0
37  0
38  0
39  0
40  0
41  0
42  8
43  787
44  995
45  984
46  972
47  943
48  859
49  906
50  832
51  824
52  819
53  803
54  743
55  741
56  721
57  677
58  702
59  664
60  599
61  681
62  599
63  622
64  634
65  598
66  590
67  604
68  578
69  542
70  571
71  578
72  515
73  533
74  499
75  561
76  465
77  476
78  504
79  466
80  461
81  465
82  474
83  459
84  429
85  417
86  402
87  417
88  370
89  383
90  397
91  420
92  408
93  386
94  371
95  368
96  395
97  349
98  363
99  392
100  346
101  334
102  383
103  327
104  320
105  327
106  320
107  288
108  317
109  313
110  325
111  289
112  306
113  322
114  301
115  304
116  292
117  256
118  305
119  241
120  277
121  236
122  234
123  266
124  242
125  251
126  235
127  246
128  219
129  220
130  224
131  244
132  226
133  219
134  198
135  204
136  208
137  241
138  213
139  196
140  199
141  211
142  214
143  201
144  194
145  200
146  200
147  198
148  175
149  183
150  199
151  207
152  193
153  203
154  217
155  168
156  187
157  174
158  175
159  201
160  172
161  192
162  201
163  161
164  183
165  201
166  213
167  193
168  220
169  167
170  205
171  198
172  186
173  211
174  206
175  212
176  203
177  206
178  232
179  235
180  197
181  270
182  258
183  246
184  246
185  347
186  348
187  463
188  585
189  740
190  987
191  1135
192  1443
193  1716
194  2289
195  4732
196  10811
197  20591
198  20209
199  7383
200  985
201  256
202  161
203  114
204  100
205  65
206  58
207  48
208  33
209  34
210  28
211  30
212  14
213  22
214  19
215  22
216  12
217  17
218  12
219  14
220  17
221  11
222  9
223  13
224  10
225  8
226  7
227  7
228  1
229  9
230  9
231  8
232  13
233  4
234  5
235  4
236  5
237  3
238  6
239  1
240  2
241  4
242  4
243  5
244  6
245  4
246  5
247  1
248  1
249  4
250  3
251  6
252  1
253  3
254  4
255  3
256  5
257  6
258  4
259  7
260  7
261  3
262  4
263  4
264  7
265  0
266  1
267  3
268  8
269  6
270  3
271  3
272  2
273  3
274  4
275  0
276  1
277  6
278  5
279  0
280  1
281  7
282  4
283  3
284  2
285  2
286  2
287  0
288  3
289  1
290  3
291  3
292  2
293  2
294  0
295  1
296  5
297  2
298  2
299  0
300  1
301  2
302  1
303  3
304  1
305  0
306  1
307  2
308  1
309  2
310  1
311  0
312  4
313  2
314  2
315  2
316  1
317  1
318  2
319  4
320  2
321  2
322  4
323  1
324  1
325  0
326  0
327  1
328  3
329  2
330  0
331  3
332  0
333  1
334  1
335  1
336  4
337  1
338  3
339  2
340  2
341  7
342  0
343  1
344  5
345  2
346  0
347  2
348  1
349  0
350  0
351  0
352  1
353  2
354  1
355  0
356  2
357  0
358  3
359  0
360  1
361  1
362  4
363  1
364  0
365  2
366  3
367  1
368  3
369  3
370  0
371  1
372  3
373  0
374  0
375  0
376  2
377  2
378  0
379  2
380  1
381  2
382  4
383  2
384  1
385  2
386  5
387  0
388  2
389  2
390  6
391  3
392  2
393  3
394  5
395  1
396  4
397  2
398  5
399  3
400  3
401  2
402  0
403  0
404  0
405  0
406  0
407  0
408  0
409  0
410  0
411  0
412  0
413  0
414  0
415  0
416  0
417  0
418  0
419  0
420  0
421  0
422  0
423  0
424  0
425  0
426  0
427  0
428  0
429  0
430  0
431  0
432  0
433  0
434  0
435  0
436  0
437  0
438  1
439  0
440  0
441  0
442  0
443  0
444  0
445  0
446  0
447  0
448  0
449  0
450  0
451  0
452  0
453  0
454  0
455  0
456  0
457  0
458  0
459  0
460  0
461  0
462  0
463  0
464  0
465  0
466  0
467  0
468  0
469  0
470  0
471  0
472  1
473  16
474  62
475  955
476  3629
477  164
478  21
479  22
480  10
481  13
482  8
483  3
484  5
485  3
486  2
487  3
488  4
489  1
490  3
491  2
492  0
493  2
494  1
495  2
496  0
497  1
498  1
499  0
500  1
501  1
502  1
503  1
504  1
505  1
506  0
507  0
508  1
509  2
510  0
511  0
512  0
513  0
514  0
515  1
516  0
517  1
518  1
519  1
520  0
521  0
522  0
523  2
524  0
525  0
526  0
527  0
528  0
529  0
530  0
531  0
532  0
533  0
534  0
535  0
536  1
537  0
538  0
539  0
540  0
541  2
542  0
543  0
544  0
545  0
546  3
547  1
548  1
549  0
550  0
551  0
552  0
553  0
554  0
555  0
556  0
557  0
558  0
559  0
560  1
561  0
562  0
563  0
564  0
565  0
566  0
567  0
568  1
569  0
570  0
571  0
572  0
573  1
574  0
575  1
576  0
577  0
578  0
579  0
580  1
581  0
582  0
583  0
584  0
585  0
586  1
587  0
588  0
589  0
590  0
591  0
592  0
593  0
594  0
595  0
596  0
597  0
598  0
599  1
600  0
601  1
602  0
603  0
604  0
605  0
606  0
607  0
608  0
609  0
610  0
611  0
612  0
613  0
614  0
615  0
616  0
617  0
618  0
619  0
620  0
621  1
622  0
623  0
624  0
625  0
626  0
627  1
628  0
629  0
630  0
631  0
632  0
633  0
634  0
635  1
636  0
637  0
638  0
639  0
640  0
641  0
642  0
643  0
644  0
645  0
646  0
647  0
648  0
649  0
650  0
651  0
652  0
653  0
654  0
655  1
656  0
657  0
658  0
659  0
660  0
661  0
662  0
663  0
664  0
665  1
666  0
667  0
668  0
669  1
670  0
671  0
672  0
673  0
674  0
675  0
676  1
677  0
678  0
679  0
680  0
681  0
682  0
683  0
684  0
685  0
686  0
687  0
688  0
689  0
690  0
691  0
692  0
693  0
694  0
695  0
696  0
697  0
698  0
699  1
700  0
701  0
702  0
703  0
704  0
705  0
706  0
707  0
708  0
709  0
710  0
711  0
712  0
713  0
714  0
715  0
716  0
717  0
718  0
719  0
720  0
721  0
722  0
723  0
724  0
725  0
726  0
727  0
728  0
729  0
730  0
731  0
732  0
733  0
734  0
735  0
736  0
737  0
738  0
739  0
740  0
741  0
742  0
743  0
744  0
745  0
746  0
747  0
748  0
749  0
750  0
751  0
752  0
753  0
754  0
755  0
756  0
757  0
758  0
759  0
760  0
761  0
762  0
763  0
764  0
765  0
766  0
767  0
768  0
769  0
770  0
771  0
772  0
773  0
774  0
775  0
776  0
777  0
778  0
779  0
780  0
781  0
782  0
783  0
784  0
785  0
786  0
787  0
788  0
789  0
790  0
791  0
792  0
793  0
794  0
795  0
796  0
797  0
798  0
799  0
800  0
801  0
802  0
803  0
804  0
805  0
806  0
807  0
808  0
809  0
810  0
811  0
812  0
813  0
814  0
815  0
816  0
817  0
818  0
819  0
820  0
821  0
822  0
823  0
824  0
825  0
826  0
827  0
828  0
829  0
830  0
831  0
832  0
833  0
834  0
835  0
836  0
837  0
838  0
839  0
840  0
841  0
842  0
843  0
844  0
845  0
846  0
847  0
848  0
849  0
850  0
851  0
852  0
853  0
854  0
855  0
856  0
857  0
858  0
859  0
860  0
861  0
862  0
863  0
864  0
865  0
866  0
867  0
868  0
869  0
870  0
871  0
872  0
873  0
874  0
875  0
876  0
877  0
878  0
879  0
880  0
881  0
882  0
883  0
884  0
885  0
886  0
887  0
888  0
889  0
890  0
891  0
892  0
893  0
894  0
895  0
896  0
897  0
898  0
899  0
900  0
901  0
902  0
903  0
904  0
905  0
906  0
907  0
908  0
909  0
910  0
911  0
912  0
913  0
914  0
915  0
916  0
917  0
918  0
919  0
920  0
921  0
922  0
923  0
924  0
925  0
926  0
927  0
928  0
929  0
930  0
931  0
932  0
933  0
934  0
935  0
936  0
937  0
938  0
939  0
940  0
941  0
942  0
943  0
944  0
945  0
946  0
947  0
948  0
949  0
950  0
951  0
952  0
953  0
954  0
955  0
956  0
957  0
958  0
959  0
960  0
961  0
962  0
963  0
964  0
965  0
966  0
967  0
968  0
969  0
970  0
971  0
972  0
973  0
974  0
975  0
976  0
977  0
978  0
979  0
980  0
981  0
982  0
983  0
984  0
985  0
986  0
987  0
988  0
989  0
990  0
991  0
992  0
993  0
994  0
995  0
996  0
997  0
998  0
999  0
1000  0
1001  0
1002  0
1003  0
1004  0
1005  0
1006  0
1007  0
1008  0
1009  0
1010  0
1011  0
1012  0
1013  0
1014  0
1015  0
1016  0
1017  0
1018  0
1019  0
1020  0
1021  0
1022  0
1023  0
